50,1,1,3,50000,0.1,150000,0.493333
50,2,1,3,50000,0.1,150000,0.366667
50,3,1,3,50000,0.1,150000,0.4
50,4,1,3,50000,0.1,150000,0.353333
50,5,1,3,50000,0.1,150000,0.32
50,6,1,3,50000,0.1,150000,0.3
50,7,1,3,50000,0.1,150000,0.226667
50,8,1,3,50000,0.1,150000,0.233333
50,9,1,3,50000,0.1,150000,0.186667
50,10,1,3,50000,0.1,150000,0.166667
50,11,1,3,50000,0.1,150000,0.133333
50,12,1,3,50000,0.1,150000,0.133333
50,13,1,3,50000,0.1,150000,0.153333
50,14,1,3,50000,0.1,150000,0.153333
50,15,1,3,50000,0.1,150000,0.0933333
50,16,1,3,50000,0.1,150000,0.1
50,17,1,3,50000,0.1,150000,0.133333
50,18,1,3,50000,0.1,150000,0.0733333
50,19,1,3,50000,0.1,150000,0.06
50,20,1,3,50000,0.1,150000,0.0666667
50,21,1,3,50000,0.1,150000,0.0666667
50,22,1,3,50000,0.1,150000,0.0466667
50,23,1,3,50000,0.1,150000,0.04
50,24,1,3,50000,0.1,150000,0.0466667
50,25,1,3,50000,0.1,150000,0.04
50,26,1,3,50000,0.1,150000,0.0466667
50,27,1,3,50000,0.1,150000,0.04
50,28,1,3,50000,0.1,150000,0.04
50,29,1,3,50000,0.1,150000,0.04
50,30,1,3,50000,0.1,150000,0.04
50,31,1,3,50000,0.1,150000,0.04
50,32,1,3,50000,0.1,150000,0.04
50,33,1,3,50000,0.1,150000,0.04
50,34,1,3,50000,0.1,150000,0.04
50,35,1,3,50000,0.1,150000,0.04
50,36,1,3,50000,0.1,150000,0.04
50,37,1,3,50000,0.1,150000,0.04
50,38,1,3,50000,0.1,150000,0.04
50,39,1,3,50000,0.1,150000,0.04
50,40,1,3,50000,0.1,150000,0.04
50,41,1,3,50000,0.1,150000,0.04
50,42,1,3,50000,0.1,150000,0.04
50,43,1,3,50000,0.1,150000,0.04
50,44,1,3,50000,0.1,150000,0.04
50,45,1,3,50000,0.1,150000,0.04
50,46,1,3,50000,0.1,150000,0.04
50,47,1,3,50000,0.1,150000,0.04
50,48,1,3,50000,0.1,150000,0.04
50,49,1,3,50000,0.1,150000,0.04
50,50,1,3,50000,0.1,150000,0.04
50,1,1,3,50000,0.2,150000,0.506667
50,2,1,3,50000,0.2,150000,0.446667
50,3,1,3,50000,0.2,150000,0.426667
50,4,1,3,50000,0.2,150000,0.413333
50,5,1,3,50000,0.2,150000,0.32
50,6,1,3,50000,0.2,150000,0.346667
50,7,1,3,50000,0.2,150000,0.34
50,8,1,3,50000,0.2,150000,0.366667
50,9,1,3,50000,0.2,150000,0.293333
50,10,1,3,50000,0.2,150000,0.366667
50,11,1,3,50000,0.2,150000,0.326667
50,12,1,3,50000,0.2,150000,0.313333
50,13,1,3,50000,0.2,150000,0.22
50,14,1,3,50000,0.2,150000,0.28
50,15,1,3,50000,0.2,150000,0.253333
50,16,1,3,50000,0.2,150000,0.193333
50,17,1,3,50000,0.2,150000,0.186667
50,18,1,3,50000,0.2,150000,0.146667
50,19,1,3,50000,0.2,150000,0.146667
50,20,1,3,50000,0.2,150000,0.16
50,21,1,3,50000,0.2,150000,0.14
50,22,1,3,50000,0.2,150000,0.06
50,23,1,3,50000,0.2,150000,0.0733333
50,24,1,3,50000,0.2,150000,0.12
50,25,1,3,50000,0.2,150000,0.0666667
50,26,1,3,50000,0.2,150000,0.153333
50,27,1,3,50000,0.2,150000,0.113333
50,28,1,3,50000,0.2,150000,0.0733333
50,29,1,3,50000,0.2,150000,0.0933333
50,30,1,3,50000,0.2,150000,0.0466667
50,31,1,3,50000,0.2,150000,0.06
50,32,1,3,50000,0.2,150000,0.0666667
50,33,1,3,50000,0.2,150000,0.04
50,34,1,3,50000,0.2,150000,0.0533333
50,35,1,3,50000,0.2,150000,0.0333333
50,36,1,3,50000,0.2,150000,0.02
50,37,1,3,50000,0.2,150000,0.0333333
50,38,1,3,50000,0.2,150000,0.04
50,39,1,3,50000,0.2,150000,0.0333333
50,40,1,3,50000,0.2,150000,0.0333333
50,41,1,3,50000,0.2,150000,0.0333333
50,42,1,3,50000,0.2,150000,0.02
50,43,1,3,50000,0.2,150000,0.0133333
50,44,1,3,50000,0.2,150000,0.0266667
50,45,1,3,50000,0.2,150000,0.00666667
50,46,1,3,50000,0.2,150000,0.02
50,47,1,3,50000,0.2,150000,0.02
50,48,1,3,50000,0.2,150000,0.0133333
50,49,1,3,50000,0.2,150000,0.02
50,50,1,3,50000,0.2,150000,0.0266667
50,1,1,3,50000,0.3,150000,0.44
50,2,1,3,50000,0.3,150000,0.466667
50,3,1,3,50000,0.3,150000,0.46
50,4,1,3,50000,0.3,150000,0.453333
50,5,1,3,50000,0.3,150000,0.466667
50,6,1,3,50000,0.3,150000,0.466667
50,7,1,3,50000,0.3,150000,0.5
50,8,1,3,50000,0.3,150000,0.42
50,9,1,3,50000,0.3,150000,0.353333
50,10,1,3,50000,0.3,150000,0.44
50,11,1,3,50000,0.3,150000,0.4
50,12,1,3,50000,0.3,150000,0.306667
50,13,1,3,50000,0.3,150000,0.333333
50,14,1,3,50000,0.3,150000,0.306667
50,15,1,3,50000,0.3,150000,0.306667
50,16,1,3,50000,0.3,150000,0.313333
50,17,1,3,50000,0.3,150000,0.346667
50,18,1,3,50000,0.3,150000,0.373333
50,19,1,3,50000,0.3,150000,0.273333
50,20,1,3,50000,0.3,150000,0.326667
50,21,1,3,50000,0.3,150000,0.32
50,22,1,3,50000,0.3,150000,0.293333
50,23,1,3,50000,0.3,150000,0.166667
50,24,1,3,50000,0.3,150000,0.206667
50,25,1,3,50000,0.3,150000,0.293333
50,26,1,3,50000,0.3,150000,0.2
50,27,1,3,50000,0.3,150000,0.2
50,28,1,3,50000,0.3,150000,0.186667
50,29,1,3,50000,0.3,150000,0.233333
50,30,1,3,50000,0.3,150000,0.166667
50,31,1,3,50000,0.3,150000,0.166667
50,32,1,3,50000,0.3,150000,0.206667
50,33,1,3,50000,0.3,150000,0.166667
50,34,1,3,50000,0.3,150000,0.126667
50,35,1,3,50000,0.3,150000,0.113333
50,36,1,3,50000,0.3,150000,0.153333
50,37,1,3,50000,0.3,150000,0.113333
50,38,1,3,50000,0.3,150000,0.153333
50,39,1,3,50000,0.3,150000,0.0733333
50,40,1,3,50000,0.3,150000,0.18
50,41,1,3,50000,0.3,150000,0.146667
50,42,1,3,50000,0.3,150000,0.08
50,43,1,3,50000,0.3,150000,0.0533333
50,44,1,3,50000,0.3,150000,0.0933333
50,45,1,3,50000,0.3,150000,0.0733333
50,46,1,3,50000,0.3,150000,0.0733333
50,47,1,3,50000,0.3,150000,0.0533333
50,48,1,3,50000,0.3,150000,0.08
50,49,1,3,50000,0.3,150000,0.0466667
50,50,1,3,50000,0.3,150000,0.0933333
50,1,1,3,50000,0.4,150000,0.533333
50,2,1,3,50000,0.4,150000,0.446667
50,3,1,3,50000,0.4,150000,0.473333
50,4,1,3,50000,0.4,150000,0.42
50,5,1,3,50000,0.4,150000,0.473333
50,6,1,3,50000,0.4,150000,0.453333
50,7,1,3,50000,0.4,150000,0.466667
50,8,1,3,50000,0.4,150000,0.42
50,9,1,3,50000,0.4,150000,0.373333
50,10,1,3,50000,0.4,150000,0.413333
50,11,1,3,50000,0.4,150000,0.373333
50,12,1,3,50000,0.4,150000,0.34
50,13,1,3,50000,0.4,150000,0.36
50,14,1,3,50000,0.4,150000,0.373333
50,15,1,3,50000,0.4,150000,0.413333
50,16,1,3,50000,0.4,150000,0.326667
50,17,1,3,50000,0.4,150000,0.326667
50,18,1,3,50000,0.4,150000,0.36
50,19,1,3,50000,0.4,150000,0.373333
50,20,1,3,50000,0.4,150000,0.373333
50,21,1,3,50000,0.4,150000,0.333333
50,22,1,3,50000,0.4,150000,0.366667
50,23,1,3,50000,0.4,150000,0.32
50,24,1,3,50000,0.4,150000,0.24
50,25,1,3,50000,0.4,150000,0.3
50,26,1,3,50000,0.4,150000,0.286667
50,27,1,3,50000,0.4,150000,0.26
50,28,1,3,50000,0.4,150000,0.333333
50,29,1,3,50000,0.4,150000,0.286667
50,30,1,3,50000,0.4,150000,0.18
50,31,1,3,50000,0.4,150000,0.213333
50,32,1,3,50000,0.4,150000,0.26
50,33,1,3,50000,0.4,150000,0.193333
50,34,1,3,50000,0.4,150000,0.246667
50,35,1,3,50000,0.4,150000,0.186667
50,36,1,3,50000,0.4,150000,0.233333
50,37,1,3,50000,0.4,150000,0.206667
50,38,1,3,50000,0.4,150000,0.18
50,39,1,3,50000,0.4,150000,0.24
50,40,1,3,50000,0.4,150000,0.146667
50,41,1,3,50000,0.4,150000,0.18
50,42,1,3,50000,0.4,150000,0.173333
50,43,1,3,50000,0.4,150000,0.153333
50,44,1,3,50000,0.4,150000,0.16
50,45,1,3,50000,0.4,150000,0.193333
50,46,1,3,50000,0.4,150000,0.153333
50,47,1,3,50000,0.4,150000,0.206667
50,48,1,3,50000,0.4,150000,0.173333
50,49,1,3,50000,0.4,150000,0.173333
50,50,1,3,50000,0.4,150000,0.173333
50,1,1,3,50000,0.5,150000,0.413333
50,2,1,3,50000,0.5,150000,0.48
50,3,1,3,50000,0.5,150000,0.466667
50,4,1,3,50000,0.5,150000,0.433333
50,5,1,3,50000,0.5,150000,0.386667
50,6,1,3,50000,0.5,150000,0.366667
50,7,1,3,50000,0.5,150000,0.42
50,8,1,3,50000,0.5,150000,0.433333
50,9,1,3,50000,0.5,150000,0.46
50,10,1,3,50000,0.5,150000,0.353333
50,11,1,3,50000,0.5,150000,0.42
50,12,1,3,50000,0.5,150000,0.393333
50,13,1,3,50000,0.5,150000,0.42
50,14,1,3,50000,0.5,150000,0.426667
50,15,1,3,50000,0.5,150000,0.333333
50,16,1,3,50000,0.5,150000,0.34
50,17,1,3,50000,0.5,150000,0.393333
50,18,1,3,50000,0.5,150000,0.36
50,19,1,3,50000,0.5,150000,0.34
50,20,1,3,50000,0.5,150000,0.34
50,21,1,3,50000,0.5,150000,0.333333
50,22,1,3,50000,0.5,150000,0.233333
50,23,1,3,50000,0.5,150000,0.333333
50,24,1,3,50000,0.5,150000,0.293333
50,25,1,3,50000,0.5,150000,0.313333
50,26,1,3,50000,0.5,150000,0.293333
50,27,1,3,50000,0.5,150000,0.266667
50,28,1,3,50000,0.5,150000,0.326667
50,29,1,3,50000,0.5,150000,0.326667
50,30,1,3,50000,0.5,150000,0.333333
50,31,1,3,50000,0.5,150000,0.333333
50,32,1,3,50000,0.5,150000,0.253333
50,33,1,3,50000,0.5,150000,0.266667
50,34,1,3,50000,0.5,150000,0.26
50,35,1,3,50000,0.5,150000,0.28
50,36,1,3,50000,0.5,150000,0.266667
50,37,1,3,50000,0.5,150000,0.26
50,38,1,3,50000,0.5,150000,0.193333
50,39,1,3,50000,0.5,150000,0.306667
50,40,1,3,50000,0.5,150000,0.28
50,41,1,3,50000,0.5,150000,0.186667
50,42,1,3,50000,0.5,150000,0.26
50,43,1,3,50000,0.5,150000,0.22
50,44,1,3,50000,0.5,150000,0.286667
50,45,1,3,50000,0.5,150000,0.2
50,46,1,3,50000,0.5,150000,0.22
50,47,1,3,50000,0.5,150000,0.18
50,48,1,3,50000,0.5,150000,0.2
50,49,1,3,50000,0.5,150000,0.173333
50,50,1,3,50000,0.5,150000,0.166667
50,1,1,3,50000,0.6,150000,0.393333
50,2,1,3,50000,0.6,150000,0.44
50,3,1,3,50000,0.6,150000,0.38
50,4,1,3,50000,0.6,150000,0.36
50,5,1,3,50000,0.6,150000,0.353333
50,6,1,3,50000,0.6,150000,0.366667
50,7,1,3,50000,0.6,150000,0.4
50,8,1,3,50000,0.6,150000,0.393333
50,9,1,3,50000,0.6,150000,0.353333
50,10,1,3,50000,0.6,150000,0.38
50,11,1,3,50000,0.6,150000,0.333333
50,12,1,3,50000,0.6,150000,0.36
50,13,1,3,50000,0.6,150000,0.373333
50,14,1,3,50000,0.6,150000,0.313333
50,15,1,3,50000,0.6,150000,0.393333
50,16,1,3,50000,0.6,150000,0.36
50,17,1,3,50000,0.6,150000,0.366667
50,18,1,3,50000,0.6,150000,0.333333
50,19,1,3,50000,0.6,150000,0.32
50,20,1,3,50000,0.6,150000,0.406667
50,21,1,3,50000,0.6,150000,0.32
50,22,1,3,50000,0.6,150000,0.36
50,23,1,3,50000,0.6,150000,0.353333
50,24,1,3,50000,0.6,150000,0.333333
50,25,1,3,50000,0.6,150000,0.366667
50,26,1,3,50000,0.6,150000,0.36
50,27,1,3,50000,0.6,150000,0.36
50,28,1,3,50000,0.6,150000,0.326667
50,29,1,3,50000,0.6,150000,0.366667
50,30,1,3,50000,0.6,150000,0.353333
50,31,1,3,50000,0.6,150000,0.326667
50,32,1,3,50000,0.6,150000,0.313333
50,33,1,3,50000,0.6,150000,0.3
50,34,1,3,50000,0.6,150000,0.273333
50,35,1,3,50000,0.6,150000,0.28
50,36,1,3,50000,0.6,150000,0.233333
50,37,1,3,50000,0.6,150000,0.273333
50,38,1,3,50000,0.6,150000,0.32
50,39,1,3,50000,0.6,150000,0.266667
50,40,1,3,50000,0.6,150000,0.293333
50,41,1,3,50000,0.6,150000,0.24
50,42,1,3,50000,0.6,150000,0.3
50,43,1,3,50000,0.6,150000,0.213333
50,44,1,3,50000,0.6,150000,0.26
50,45,1,3,50000,0.6,150000,0.273333
50,46,1,3,50000,0.6,150000,0.24
50,47,1,3,50000,0.6,150000,0.266667
50,48,1,3,50000,0.6,150000,0.266667
50,49,1,3,50000,0.6,150000,0.253333
50,50,1,3,50000,0.6,150000,0.22
50,1,1,3,50000,0.7,150000,0.353333
50,2,1,3,50000,0.7,150000,0.373333
50,3,1,3,50000,0.7,150000,0.413333
50,4,1,3,50000,0.7,150000,0.353333
50,5,1,3,50000,0.7,150000,0.386667
50,6,1,3,50000,0.7,150000,0.366667
50,7,1,3,50000,0.7,150000,0.353333
50,8,1,3,50000,0.7,150000,0.34
50,9,1,3,50000,0.7,150000,0.32
50,10,1,3,50000,0.7,150000,0.393333
50,11,1,3,50000,0.7,150000,0.346667
50,12,1,3,50000,0.7,150000,0.313333
50,13,1,3,50000,0.7,150000,0.313333
50,14,1,3,50000,0.7,150000,0.386667
50,15,1,3,50000,0.7,150000,0.333333
50,16,1,3,50000,0.7,150000,0.413333
50,17,1,3,50000,0.7,150000,0.373333
50,18,1,3,50000,0.7,150000,0.373333
50,19,1,3,50000,0.7,150000,0.313333
50,20,1,3,50000,0.7,150000,0.326667
50,21,1,3,50000,0.7,150000,0.306667
50,22,1,3,50000,0.7,150000,0.293333
50,23,1,3,50000,0.7,150000,0.3
50,24,1,3,50000,0.7,150000,0.28
50,25,1,3,50000,0.7,150000,0.393333
50,26,1,3,50000,0.7,150000,0.353333
50,27,1,3,50000,0.7,150000,0.373333
50,28,1,3,50000,0.7,150000,0.36
50,29,1,3,50000,0.7,150000,0.286667
50,30,1,3,50000,0.7,150000,0.293333
50,31,1,3,50000,0.7,150000,0.273333
50,32,1,3,50000,0.7,150000,0.353333
50,33,1,3,50000,0.7,150000,0.326667
50,34,1,3,50000,0.7,150000,0.313333
50,35,1,3,50000,0.7,150000,0.346667
50,36,1,3,50000,0.7,150000,0.266667
50,37,1,3,50000,0.7,150000,0.266667
50,38,1,3,50000,0.7,150000,0.28
50,39,1,3,50000,0.7,150000,0.313333
50,40,1,3,50000,0.7,150000,0.28
50,41,1,3,50000,0.7,150000,0.273333
50,42,1,3,50000,0.7,150000,0.273333
50,43,1,3,50000,0.7,150000,0.266667
50,44,1,3,50000,0.7,150000,0.246667
50,45,1,3,50000,0.7,150000,0.313333
50,46,1,3,50000,0.7,150000,0.246667
50,47,1,3,50000,0.7,150000,0.293333
50,48,1,3,50000,0.7,150000,0.266667
50,49,1,3,50000,0.7,150000,0.293333
50,50,1,3,50000,0.7,150000,0.32
50,1,1,3,50000,0.8,150000,0.313333
50,2,1,3,50000,0.8,150000,0.286667
50,3,1,3,50000,0.8,150000,0.3
50,4,1,3,50000,0.8,150000,0.26
50,5,1,3,50000,0.8,150000,0.346667
50,6,1,3,50000,0.8,150000,0.333333
50,7,1,3,50000,0.8,150000,0.326667
50,8,1,3,50000,0.8,150000,0.333333
50,9,1,3,50000,0.8,150000,0.293333
50,10,1,3,50000,0.8,150000,0.333333
50,11,1,3,50000,0.8,150000,0.32
50,12,1,3,50000,0.8,150000,0.313333
50,13,1,3,50000,0.8,150000,0.393333
50,14,1,3,50000,0.8,150000,0.366667
50,15,1,3,50000,0.8,150000,0.366667
50,16,1,3,50000,0.8,150000,0.373333
50,17,1,3,50000,0.8,150000,0.373333
50,18,1,3,50000,0.8,150000,0.286667
50,19,1,3,50000,0.8,150000,0.393333
50,20,1,3,50000,0.8,150000,0.273333
50,21,1,3,50000,0.8,150000,0.3
50,22,1,3,50000,0.8,150000,0.32
50,23,1,3,50000,0.8,150000,0.266667
50,24,1,3,50000,0.8,150000,0.34
50,25,1,3,50000,0.8,150000,0.34
50,26,1,3,50000,0.8,150000,0.3
50,27,1,3,50000,0.8,150000,0.26
50,28,1,3,50000,0.8,150000,0.34
50,29,1,3,50000,0.8,150000,0.326667
50,30,1,3,50000,0.8,150000,0.266667
50,31,1,3,50000,0.8,150000,0.286667
50,32,1,3,50000,0.8,150000,0.293333
50,33,1,3,50000,0.8,150000,0.32
50,34,1,3,50000,0.8,150000,0.233333
50,35,1,3,50000,0.8,150000,0.36
50,36,1,3,50000,0.8,150000,0.26
50,37,1,3,50000,0.8,150000,0.3
50,38,1,3,50000,0.8,150000,0.32
50,39,1,3,50000,0.8,150000,0.286667
50,40,1,3,50000,0.8,150000,0.286667
50,41,1,3,50000,0.8,150000,0.286667
50,42,1,3,50000,0.8,150000,0.313333
50,43,1,3,50000,0.8,150000,0.24
50,44,1,3,50000,0.8,150000,0.28
50,45,1,3,50000,0.8,150000,0.24
50,46,1,3,50000,0.8,150000,0.3
50,47,1,3,50000,0.8,150000,0.28
50,48,1,3,50000,0.8,150000,0.286667
50,49,1,3,50000,0.8,150000,0.333333
50,50,1,3,50000,0.8,150000,0.253333
50,1,1,3,50000,0.9,150000,0.286667
50,2,1,3,50000,0.9,150000,0.233333
50,3,1,3,50000,0.9,150000,0.306667
50,4,1,3,50000,0.9,150000,0.293333
50,5,1,3,50000,0.9,150000,0.293333
50,6,1,3,50000,0.9,150000,0.306667
50,7,1,3,50000,0.9,150000,0.233333
50,8,1,3,50000,0.9,150000,0.213333
50,9,1,3,50000,0.9,150000,0.326667
50,10,1,3,50000,0.9,150000,0.273333
50,11,1,3,50000,0.9,150000,0.28
50,12,1,3,50000,0.9,150000,0.313333
50,13,1,3,50000,0.9,150000,0.273333
50,14,1,3,50000,0.9,150000,0.253333
50,15,1,3,50000,0.9,150000,0.266667
50,16,1,3,50000,0.9,150000,0.273333
50,17,1,3,50000,0.9,150000,0.306667
50,18,1,3,50000,0.9,150000,0.293333
50,19,1,3,50000,0.9,150000,0.253333
50,20,1,3,50000,0.9,150000,0.266667
50,21,1,3,50000,0.9,150000,0.313333
50,22,1,3,50000,0.9,150000,0.313333
50,23,1,3,50000,0.9,150000,0.26
50,24,1,3,50000,0.9,150000,0.26
50,25,1,3,50000,0.9,150000,0.266667
50,26,1,3,50000,0.9,150000,0.24
50,27,1,3,50000,0.9,150000,0.22
50,28,1,3,50000,0.9,150000,0.253333
50,29,1,3,50000,0.9,150000,0.26
50,30,1,3,50000,0.9,150000,0.293333
50,31,1,3,50000,0.9,150000,0.306667
50,32,1,3,50000,0.9,150000,0.253333
50,33,1,3,50000,0.9,150000,0.246667
50,34,1,3,50000,0.9,150000,0.253333
50,35,1,3,50000,0.9,150000,0.326667
50,36,1,3,50000,0.9,150000,0.226667
50,37,1,3,50000,0.9,150000,0.246667
50,38,1,3,50000,0.9,150000,0.2
50,39,1,3,50000,0.9,150000,0.253333
50,40,1,3,50000,0.9,150000,0.313333
50,41,1,3,50000,0.9,150000,0.26
50,42,1,3,50000,0.9,150000,0.226667
50,43,1,3,50000,0.9,150000,0.206667
50,44,1,3,50000,0.9,150000,0.333333
50,45,1,3,50000,0.9,150000,0.233333
50,46,1,3,50000,0.9,150000,0.233333
50,47,1,3,50000,0.9,150000,0.213333
50,48,1,3,50000,0.9,150000,0.213333
50,49,1,3,50000,0.9,150000,0.266667
50,50,1,3,50000,0.9,150000,0.193333
50,1,1,3,50000,0.95,150000,0.22
50,2,1,3,50000,0.95,150000,0.226667
50,3,1,3,50000,0.95,150000,0.22
50,4,1,3,50000,0.95,150000,0.22
50,5,1,3,50000,0.95,150000,0.193333
50,6,1,3,50000,0.95,150000,0.22
50,7,1,3,50000,0.95,150000,0.2
50,8,1,3,50000,0.95,150000,0.253333
50,9,1,3,50000,0.95,150000,0.2
50,10,1,3,50000,0.95,150000,0.153333
50,11,1,3,50000,0.95,150000,0.26
50,12,1,3,50000,0.95,150000,0.293333
50,13,1,3,50000,0.95,150000,0.226667
50,14,1,3,50000,0.95,150000,0.206667
50,15,1,3,50000,0.95,150000,0.213333
50,16,1,3,50000,0.95,150000,0.206667
50,17,1,3,50000,0.95,150000,0.233333
50,18,1,3,50000,0.95,150000,0.246667
50,19,1,3,50000,0.95,150000,0.2
50,20,1,3,50000,0.95,150000,0.226667
50,21,1,3,50000,0.95,150000,0.233333
50,22,1,3,50000,0.95,150000,0.266667
50,23,1,3,50000,0.95,150000,0.26
50,24,1,3,50000,0.95,150000,0.2
50,25,1,3,50000,0.95,150000,0.273333
50,26,1,3,50000,0.95,150000,0.146667
50,27,1,3,50000,0.95,150000,0.213333
50,28,1,3,50000,0.95,150000,0.213333
50,29,1,3,50000,0.95,150000,0.253333
50,30,1,3,50000,0.95,150000,0.22
50,31,1,3,50000,0.95,150000,0.246667
50,32,1,3,50000,0.95,150000,0.186667
50,33,1,3,50000,0.95,150000,0.206667
50,34,1,3,50000,0.95,150000,0.22
50,35,1,3,50000,0.95,150000,0.273333
50,36,1,3,50000,0.95,150000,0.206667
50,37,1,3,50000,0.95,150000,0.186667
50,38,1,3,50000,0.95,150000,0.22
50,39,1,3,50000,0.95,150000,0.206667
50,40,1,3,50000,0.95,150000,0.173333
50,41,1,3,50000,0.95,150000,0.193333
50,42,1,3,50000,0.95,150000,0.226667
50,43,1,3,50000,0.95,150000,0.233333
50,44,1,3,50000,0.95,150000,0.253333
50,45,1,3,50000,0.95,150000,0.266667
50,46,1,3,50000,0.95,150000,0.22
50,47,1,3,50000,0.95,150000,0.246667
50,48,1,3,50000,0.95,150000,0.22
50,49,1,3,50000,0.95,150000,0.24
50,50,1,3,50000,0.95,150000,0.24
50,1,1,3,50000,0.05,150000,0.54
50,2,1,3,50000,0.05,150000,0.5
50,3,1,3,50000,0.05,150000,0.42
50,4,1,3,50000,0.05,150000,0.28
50,5,1,3,50000,0.05,150000,0.193333
50,6,1,3,50000,0.05,150000,0.166667
50,7,1,3,50000,0.05,150000,0.193333
50,8,1,3,50000,0.05,150000,0.133333
50,9,1,3,50000,0.05,150000,0.133333
50,10,1,3,50000,0.05,150000,0.0933333
50,11,1,3,50000,0.05,150000,0.08
50,12,1,3,50000,0.05,150000,0.08
50,13,1,3,50000,0.05,150000,0.0933333
50,14,1,3,50000,0.05,150000,0.08
50,15,1,3,50000,0.05,150000,0.08
50,16,1,3,50000,0.05,150000,0.08
50,17,1,3,50000,0.05,150000,0.08
50,18,1,3,50000,0.05,150000,0.08
50,19,1,3,50000,0.05,150000,0.08
50,20,1,3,50000,0.05,150000,0.08
50,21,1,3,50000,0.05,150000,0.08
50,22,1,3,50000,0.05,150000,0.08
50,23,1,3,50000,0.05,150000,0.08
50,24,1,3,50000,0.05,150000,0.08
50,25,1,3,50000,0.05,150000,0.08
50,26,1,3,50000,0.05,150000,0.08
50,27,1,3,50000,0.05,150000,0.08
50,28,1,3,50000,0.05,150000,0.08
50,29,1,3,50000,0.05,150000,0.08
50,30,1,3,50000,0.05,150000,0.08
50,31,1,3,50000,0.05,150000,0.08
50,32,1,3,50000,0.05,150000,0.08
50,33,1,3,50000,0.05,150000,0.08
50,34,1,3,50000,0.05,150000,0.08
50,35,1,3,50000,0.05,150000,0.08
50,36,1,3,50000,0.05,150000,0.08
50,37,1,3,50000,0.05,150000,0.08
50,38,1,3,50000,0.05,150000,0.08
50,39,1,3,50000,0.05,150000,0.08
50,40,1,3,50000,0.05,150000,0.08
50,41,1,3,50000,0.05,150000,0.08
50,42,1,3,50000,0.05,150000,0.08
50,43,1,3,50000,0.05,150000,0.08
50,44,1,3,50000,0.05,150000,0.08
50,45,1,3,50000,0.05,150000,0.08
50,46,1,3,50000,0.05,150000,0.08
50,47,1,3,50000,0.05,150000,0.08
50,48,1,3,50000,0.05,150000,0.08
50,49,1,3,50000,0.05,150000,0.08
50,50,1,3,50000,0.05,150000,0.08
50,1,1,3,50000,0.025,150000,0.526667
50,2,1,3,50000,0.025,150000,0.326667
50,3,1,3,50000,0.025,150000,0.306667
50,4,1,3,50000,0.025,150000,0.213333
50,5,1,3,50000,0.025,150000,0.193333
50,6,1,3,50000,0.025,150000,0.173333
50,7,1,3,50000,0.025,150000,0.16
50,8,1,3,50000,0.025,150000,0.16
50,9,1,3,50000,0.025,150000,0.16
50,10,1,3,50000,0.025,150000,0.16
50,11,1,3,50000,0.025,150000,0.16
50,12,1,3,50000,0.025,150000,0.16
50,13,1,3,50000,0.025,150000,0.16
50,14,1,3,50000,0.025,150000,0.16
50,15,1,3,50000,0.025,150000,0.16
50,16,1,3,50000,0.025,150000,0.16
50,17,1,3,50000,0.025,150000,0.16
50,18,1,3,50000,0.025,150000,0.16
50,19,1,3,50000,0.025,150000,0.16
50,20,1,3,50000,0.025,150000,0.16
50,21,1,3,50000,0.025,150000,0.16
50,22,1,3,50000,0.025,150000,0.16
50,23,1,3,50000,0.025,150000,0.16
50,24,1,3,50000,0.025,150000,0.16
50,25,1,3,50000,0.025,150000,0.16
50,26,1,3,50000,0.025,150000,0.16
50,27,1,3,50000,0.025,150000,0.16
50,28,1,3,50000,0.025,150000,0.16
50,29,1,3,50000,0.025,150000,0.16
50,30,1,3,50000,0.025,150000,0.16
50,31,1,3,50000,0.025,150000,0.16
50,32,1,3,50000,0.025,150000,0.16
50,33,1,3,50000,0.025,150000,0.16
50,34,1,3,50000,0.025,150000,0.16
50,35,1,3,50000,0.025,150000,0.16
50,36,1,3,50000,0.025,150000,0.16
50,37,1,3,50000,0.025,150000,0.16
50,38,1,3,50000,0.025,150000,0.16
50,39,1,3,50000,0.025,150000,0.16
50,40,1,3,50000,0.025,150000,0.16
50,41,1,3,50000,0.025,150000,0.16
50,42,1,3,50000,0.025,150000,0.16
50,43,1,3,50000,0.025,150000,0.16
50,44,1,3,50000,0.025,150000,0.16
50,45,1,3,50000,0.025,150000,0.16
50,46,1,3,50000,0.025,150000,0.16
50,47,1,3,50000,0.025,150000,0.16
50,48,1,3,50000,0.025,150000,0.153333
50,49,1,3,50000,0.025,150000,0.16
50,50,1,3,50000,0.025,150000,0.16
50,1,1,3,50000,0.01,150000,0.453333
50,2,1,3,50000,0.01,150000,0.473333
50,3,1,3,50000,0.01,150000,0.373333
50,4,1,3,50000,0.01,150000,0.373333
50,5,1,3,50000,0.01,150000,0.366667
50,6,1,3,50000,0.01,150000,0.4
50,7,1,3,50000,0.01,150000,0.366667
50,8,1,3,50000,0.01,150000,0.38
50,9,1,3,50000,0.01,150000,0.373333
50,10,1,3,50000,0.01,150000,0.366667
50,11,1,3,50000,0.01,150000,0.386667
50,12,1,3,50000,0.01,150000,0.366667
50,13,1,3,50000,0.01,150000,0.386667
50,14,1,3,50000,0.01,150000,0.36
50,15,1,3,50000,0.01,150000,0.366667
50,16,1,3,50000,0.01,150000,0.36
50,17,1,3,50000,0.01,150000,0.38
50,18,1,3,50000,0.01,150000,0.34
50,19,1,3,50000,0.01,150000,0.346667
50,20,1,3,50000,0.01,150000,0.413333
50,21,1,3,50000,0.01,150000,0.366667
50,22,1,3,50000,0.01,150000,0.34
50,23,1,3,50000,0.01,150000,0.346667
50,24,1,3,50000,0.01,150000,0.333333
50,25,1,3,50000,0.01,150000,0.353333
50,26,1,3,50000,0.01,150000,0.406667
50,27,1,3,50000,0.01,150000,0.4
50,28,1,3,50000,0.01,150000,0.366667
50,29,1,3,50000,0.01,150000,0.353333
50,30,1,3,50000,0.01,150000,0.373333
50,31,1,3,50000,0.01,150000,0.353333
50,32,1,3,50000,0.01,150000,0.406667
50,33,1,3,50000,0.01,150000,0.36
50,34,1,3,50000,0.01,150000,0.353333
50,35,1,3,50000,0.01,150000,0.333333
50,36,1,3,50000,0.01,150000,0.4
50,37,1,3,50000,0.01,150000,0.393333
50,38,1,3,50000,0.01,150000,0.366667
50,39,1,3,50000,0.01,150000,0.38
50,40,1,3,50000,0.01,150000,0.366667
50,41,1,3,50000,0.01,150000,0.38
50,42,1,3,50000,0.01,150000,0.4
50,43,1,3,50000,0.01,150000,0.38
50,44,1,3,50000,0.01,150000,0.333333
50,45,1,3,50000,0.01,150000,0.4
50,46,1,3,50000,0.01,150000,0.413333
50,47,1,3,50000,0.01,150000,0.373333
50,48,1,3,50000,0.01,150000,0.36
50,49,1,3,50000,0.01,150000,0.353333
50,50,1,3,50000,0.01,150000,0.386667
50,1,1,3,50000,0.1,150000,0.406667
50,2,1,3,50000,0.1,150000,0.486667
50,3,1,3,50000,0.1,150000,0.413333
50,4,1,3,50000,0.1,150000,0.36
50,5,1,3,50000,0.1,150000,0.353333
50,6,1,3,50000,0.1,150000,0.293333
50,7,1,3,50000,0.1,150000,0.286667
50,8,1,3,50000,0.1,150000,0.206667
50,9,1,3,50000,0.1,150000,0.193333
50,10,1,3,50000,0.1,150000,0.2
50,11,1,3,50000,0.1,150000,0.14
50,12,1,3,50000,0.1,150000,0.173333
50,13,1,3,50000,0.1,150000,0.153333
50,14,1,3,50000,0.1,150000,0.126667
50,15,1,3,50000,0.1,150000,0.1
50,16,1,3,50000,0.1,150000,0.0866667
50,17,1,3,50000,0.1,150000,0.106667
50,18,1,3,50000,0.1,150000,0.0933333
50,19,1,3,50000,0.1,150000,0.08
50,20,1,3,50000,0.1,150000,0.06
50,21,1,3,50000,0.1,150000,0.06
50,22,1,3,50000,0.1,150000,0.0666667
50,23,1,3,50000,0.1,150000,0.06
50,24,1,3,50000,0.1,150000,0.06
50,25,1,3,50000,0.1,150000,0.04
50,26,1,3,50000,0.1,150000,0.04
50,27,1,3,50000,0.1,150000,0.04
50,28,1,3,50000,0.1,150000,0.04
50,29,1,3,50000,0.1,150000,0.04
50,30,1,3,50000,0.1,150000,0.04
50,31,1,3,50000,0.1,150000,0.04
50,32,1,3,50000,0.1,150000,0.04
50,33,1,3,50000,0.1,150000,0.04
50,34,1,3,50000,0.1,150000,0.04
50,35,1,3,50000,0.1,150000,0.04
50,36,1,3,50000,0.1,150000,0.04
50,37,1,3,50000,0.1,150000,0.04
50,38,1,3,50000,0.1,150000,0.04
50,39,1,3,50000,0.1,150000,0.04
50,40,1,3,50000,0.1,150000,0.04
50,41,1,3,50000,0.1,150000,0.04
50,42,1,3,50000,0.1,150000,0.04
50,43,1,3,50000,0.1,150000,0.04
50,44,1,3,50000,0.1,150000,0.04
50,45,1,3,50000,0.1,150000,0.04
50,46,1,3,50000,0.1,150000,0.04
50,47,1,3,50000,0.1,150000,0.04
50,48,1,3,50000,0.1,150000,0.04
50,49,1,3,50000,0.1,150000,0.04
50,50,1,3,50000,0.1,150000,0.04
50,1,1,3,50000,0.2,150000,0.5
50,2,1,3,50000,0.2,150000,0.473333
50,3,1,3,50000,0.2,150000,0.506667
50,4,1,3,50000,0.2,150000,0.36
50,5,1,3,50000,0.2,150000,0.4
50,6,1,3,50000,0.2,150000,0.446667
50,7,1,3,50000,0.2,150000,0.28
50,8,1,3,50000,0.2,150000,0.313333
50,9,1,3,50000,0.2,150000,0.326667
50,10,1,3,50000,0.2,150000,0.28
50,11,1,3,50000,0.2,150000,0.24
50,12,1,3,50000,0.2,150000,0.28
50,13,1,3,50000,0.2,150000,0.24
50,14,1,3,50000,0.2,150000,0.293333
50,15,1,3,50000,0.2,150000,0.153333
50,16,1,3,50000,0.2,150000,0.186667
50,17,1,3,50000,0.2,150000,0.166667
50,18,1,3,50000,0.2,150000,0.213333
50,19,1,3,50000,0.2,150000,0.173333
50,20,1,3,50000,0.2,150000,0.173333
50,21,1,3,50000,0.2,150000,0.173333
50,22,1,3,50000,0.2,150000,0.126667
50,23,1,3,50000,0.2,150000,0.0666667
50,24,1,3,50000,0.2,150000,0.16
50,25,1,3,50000,0.2,150000,0.0533333
50,26,1,3,50000,0.2,150000,0.1
50,27,1,3,50000,0.2,150000,0.16
50,28,1,3,50000,0.2,150000,0.1
50,29,1,3,50000,0.2,150000,0.1
50,30,1,3,50000,0.2,150000,0.0533333
50,31,1,3,50000,0.2,150000,0.0533333
50,32,1,3,50000,0.2,150000,0.0733333
50,33,1,3,50000,0.2,150000,0.0266667
50,34,1,3,50000,0.2,150000,0.0733333
50,35,1,3,50000,0.2,150000,0.0733333
50,36,1,3,50000,0.2,150000,0.0333333
50,37,1,3,50000,0.2,150000,0.06
50,38,1,3,50000,0.2,150000,0.0533333
50,39,1,3,50000,0.2,150000,0.04
50,40,1,3,50000,0.2,150000,0.04
50,41,1,3,50000,0.2,150000,0.02
50,42,1,3,50000,0.2,150000,0.04
50,43,1,3,50000,0.2,150000,0.04
50,44,1,3,50000,0.2,150000,0.02
50,45,1,3,50000,0.2,150000,0.0133333
50,46,1,3,50000,0.2,150000,0.02
50,47,1,3,50000,0.2,150000,0.02
50,48,1,3,50000,0.2,150000,0.0266667
50,49,1,3,50000,0.2,150000,0.00666667
50,50,1,3,50000,0.2,150000,0.00666667
50,1,1,3,50000,0.3,150000,0.526667
50,2,1,3,50000,0.3,150000,0.453333
50,3,1,3,50000,0.3,150000,0.486667
50,4,1,3,50000,0.3,150000,0.413333
50,5,1,3,50000,0.3,150000,0.486667
50,6,1,3,50000,0.3,150000,0.426667
50,7,1,3,50000,0.3,150000,0.426667
50,8,1,3,50000,0.3,150000,0.386667
50,9,1,3,50000,0.3,150000,0.386667
50,10,1,3,50000,0.3,150000,0.366667
50,11,1,3,50000,0.3,150000,0.38
50,12,1,3,50000,0.3,150000,0.386667
50,13,1,3,50000,0.3,150000,0.34
50,14,1,3,50000,0.3,150000,0.346667
50,15,1,3,50000,0.3,150000,0.373333
50,16,1,3,50000,0.3,150000,0.38
50,17,1,3,50000,0.3,150000,0.246667
50,18,1,3,50000,0.3,150000,0.333333
50,19,1,3,50000,0.3,150000,0.266667
50,20,1,3,50000,0.3,150000,0.2
50,21,1,3,50000,0.3,150000,0.226667
50,22,1,3,50000,0.3,150000,0.193333
50,23,1,3,50000,0.3,150000,0.22
50,24,1,3,50000,0.3,150000,0.226667
50,25,1,3,50000,0.3,150000,0.186667
50,26,1,3,50000,0.3,150000,0.18
50,27,1,3,50000,0.3,150000,0.18
50,28,1,3,50000,0.3,150000,0.12
50,29,1,3,50000,0.3,150000,0.126667
50,30,1,3,50000,0.3,150000,0.153333
50,31,1,3,50000,0.3,150000,0.173333
50,32,1,3,50000,0.3,150000,0.173333
50,33,1,3,50000,0.3,150000,0.16
50,34,1,3,50000,0.3,150000,0.106667
50,35,1,3,50000,0.3,150000,0.14
50,36,1,3,50000,0.3,150000,0.0933333
50,37,1,3,50000,0.3,150000,0.106667
50,38,1,3,50000,0.3,150000,0.146667
50,39,1,3,50000,0.3,150000,0.0533333
50,40,1,3,50000,0.3,150000,0.133333
50,41,1,3,50000,0.3,150000,0.166667
50,42,1,3,50000,0.3,150000,0.0933333
50,43,1,3,50000,0.3,150000,0.0266667
50,44,1,3,50000,0.3,150000,0.0933333
50,45,1,3,50000,0.3,150000,0.08
50,46,1,3,50000,0.3,150000,0.1
50,47,1,3,50000,0.3,150000,0.0666667
50,48,1,3,50000,0.3,150000,0.0666667
50,49,1,3,50000,0.3,150000,0.0933333
50,50,1,3,50000,0.3,150000,0.0466667
50,1,1,3,50000,0.4,150000,0.493333
50,2,1,3,50000,0.4,150000,0.433333
50,3,1,3,50000,0.4,150000,0.48
50,4,1,3,50000,0.4,150000,0.44
50,5,1,3,50000,0.4,150000,0.426667
50,6,1,3,50000,0.4,150000,0.42
50,7,1,3,50000,0.4,150000,0.413333
50,8,1,3,50000,0.4,150000,0.413333
50,9,1,3,50000,0.4,150000,0.406667
50,10,1,3,50000,0.4,150000,0.426667
50,11,1,3,50000,0.4,150000,0.406667
50,12,1,3,50000,0.4,150000,0.38
50,13,1,3,50000,0.4,150000,0.4
50,14,1,3,50000,0.4,150000,0.346667
50,15,1,3,50000,0.4,150000,0.32
50,16,1,3,50000,0.4,150000,0.333333
50,17,1,3,50000,0.4,150000,0.306667
50,18,1,3,50000,0.4,150000,0.26
50,19,1,3,50000,0.4,150000,0.32
50,20,1,3,50000,0.4,150000,0.36
50,21,1,3,50000,0.4,150000,0.293333
50,22,1,3,50000,0.4,150000,0.26
50,23,1,3,50000,0.4,150000,0.253333
50,24,1,3,50000,0.4,150000,0.306667
50,25,1,3,50000,0.4,150000,0.28
50,26,1,3,50000,0.4,150000,0.28
50,27,1,3,50000,0.4,150000,0.26
50,28,1,3,50000,0.4,150000,0.273333
50,29,1,3,50000,0.4,150000,0.233333
50,30,1,3,50000,0.4,150000,0.166667
50,31,1,3,50000,0.4,150000,0.193333
50,32,1,3,50000,0.4,150000,0.26
50,33,1,3,50000,0.4,150000,0.2
50,34,1,3,50000,0.4,150000,0.22
50,35,1,3,50000,0.4,150000,0.233333
50,36,1,3,50000,0.4,150000,0.206667
50,37,1,3,50000,0.4,150000,0.146667
50,38,1,3,50000,0.4,150000,0.233333
50,39,1,3,50000,0.4,150000,0.22
50,40,1,3,50000,0.4,150000,0.16
50,41,1,3,50000,0.4,150000,0.16
50,42,1,3,50000,0.4,150000,0.173333
50,43,1,3,50000,0.4,150000,0.206667
50,44,1,3,50000,0.4,150000,0.14
50,45,1,3,50000,0.4,150000,0.166667
50,46,1,3,50000,0.4,150000,0.18
50,47,1,3,50000,0.4,150000,0.0866667
50,48,1,3,50000,0.4,150000,0.14
50,49,1,3,50000,0.4,150000,0.173333
50,50,1,3,50000,0.4,150000,0.106667
50,1,1,3,50000,0.5,150000,0.44
50,2,1,3,50000,0.5,150000,0.46
50,3,1,3,50000,0.5,150000,0.44
50,4,1,3,50000,0.5,150000,0.406667
50,5,1,3,50000,0.5,150000,0.4
50,6,1,3,50000,0.5,150000,0.446667
50,7,1,3,50000,0.5,150000,0.453333
50,8,1,3,50000,0.5,150000,0.36
50,9,1,3,50000,0.5,150000,0.506667
50,10,1,3,50000,0.5,150000,0.386667
50,11,1,3,50000,0.5,150000,0.426667
50,12,1,3,50000,0.5,150000,0.433333
50,13,1,3,50000,0.5,150000,0.346667
50,14,1,3,50000,0.5,150000,0.413333
50,15,1,3,50000,0.5,150000,0.4
50,16,1,3,50000,0.5,150000,0.366667
50,17,1,3,50000,0.5,150000,0.366667
50,18,1,3,50000,0.5,150000,0.4
50,19,1,3,50000,0.5,150000,0.413333
50,20,1,3,50000,0.5,150000,0.353333
50,21,1,3,50000,0.5,150000,0.353333
50,22,1,3,50000,0.5,150000,0.353333
50,23,1,3,50000,0.5,150000,0.306667
50,24,1,3,50000,0.5,150000,0.373333
50,25,1,3,50000,0.5,150000,0.32
50,26,1,3,50000,0.5,150000,0.28
50,27,1,3,50000,0.5,150000,0.293333
50,28,1,3,50000,0.5,150000,0.38
50,29,1,3,50000,0.5,150000,0.286667
50,30,1,3,50000,0.5,150000,0.34
50,31,1,3,50000,0.5,150000,0.32
50,32,1,3,50000,0.5,150000,0.286667
50,33,1,3,50000,0.5,150000,0.306667
50,34,1,3,50000,0.5,150000,0.24
50,35,1,3,50000,0.5,150000,0.26
50,36,1,3,50000,0.5,150000,0.266667
50,37,1,3,50000,0.5,150000,0.246667
50,38,1,3,50000,0.5,150000,0.213333
50,39,1,3,50000,0.5,150000,0.226667
50,40,1,3,50000,0.5,150000,0.266667
50,41,1,3,50000,0.5,150000,0.233333
50,42,1,3,50000,0.5,150000,0.273333
50,43,1,3,50000,0.5,150000,0.286667
50,44,1,3,50000,0.5,150000,0.233333
50,45,1,3,50000,0.5,150000,0.233333
50,46,1,3,50000,0.5,150000,0.273333
50,47,1,3,50000,0.5,150000,0.22
50,48,1,3,50000,0.5,150000,0.186667
50,49,1,3,50000,0.5,150000,0.22
50,50,1,3,50000,0.5,150000,0.246667
50,1,1,3,50000,0.6,150000,0.42
50,2,1,3,50000,0.6,150000,0.446667
50,3,1,3,50000,0.6,150000,0.453333
50,4,1,3,50000,0.6,150000,0.453333
50,5,1,3,50000,0.6,150000,0.526667
50,6,1,3,50000,0.6,150000,0.48
50,7,1,3,50000,0.6,150000,0.38
50,8,1,3,50000,0.6,150000,0.393333
50,9,1,3,50000,0.6,150000,0.36
50,10,1,3,50000,0.6,150000,0.346667
50,11,1,3,50000,0.6,150000,0.406667
50,12,1,3,50000,0.6,150000,0.38
50,13,1,3,50000,0.6,150000,0.393333
50,14,1,3,50000,0.6,150000,0.386667
50,15,1,3,50000,0.6,150000,0.393333
50,16,1,3,50000,0.6,150000,0.393333
50,17,1,3,50000,0.6,150000,0.366667
50,18,1,3,50000,0.6,150000,0.373333
50,19,1,3,50000,0.6,150000,0.313333
50,20,1,3,50000,0.6,150000,0.386667
50,21,1,3,50000,0.6,150000,0.32
50,22,1,3,50000,0.6,150000,0.346667
50,23,1,3,50000,0.6,150000,0.353333
50,24,1,3,50000,0.6,150000,0.293333
50,25,1,3,50000,0.6,150000,0.246667
50,26,1,3,50000,0.6,150000,0.313333
50,27,1,3,50000,0.6,150000,0.32
50,28,1,3,50000,0.6,150000,0.3
50,29,1,3,50000,0.6,150000,0.36
50,30,1,3,50000,0.6,150000,0.246667
50,31,1,3,50000,0.6,150000,0.34
50,32,1,3,50000,0.6,150000,0.333333
50,33,1,3,50000,0.6,150000,0.286667
50,34,1,3,50000,0.6,150000,0.286667
50,35,1,3,50000,0.6,150000,0.346667
50,36,1,3,50000,0.6,150000,0.3
50,37,1,3,50000,0.6,150000,0.36
50,38,1,3,50000,0.6,150000,0.286667
50,39,1,3,50000,0.6,150000,0.32
50,40,1,3,50000,0.6,150000,0.266667
50,41,1,3,50000,0.6,150000,0.26
50,42,1,3,50000,0.6,150000,0.286667
50,43,1,3,50000,0.6,150000,0.266667
50,44,1,3,50000,0.6,150000,0.253333
50,45,1,3,50000,0.6,150000,0.28
50,46,1,3,50000,0.6,150000,0.313333
50,47,1,3,50000,0.6,150000,0.233333
50,48,1,3,50000,0.6,150000,0.293333
50,49,1,3,50000,0.6,150000,0.286667
50,50,1,3,50000,0.6,150000,0.253333
50,1,1,3,50000,0.7,150000,0.353333
50,2,1,3,50000,0.7,150000,0.326667
50,3,1,3,50000,0.7,150000,0.38
50,4,1,3,50000,0.7,150000,0.393333
50,5,1,3,50000,0.7,150000,0.36
50,6,1,3,50000,0.7,150000,0.346667
50,7,1,3,50000,0.7,150000,0.34
50,8,1,3,50000,0.7,150000,0.433333
50,9,1,3,50000,0.7,150000,0.413333
50,10,1,3,50000,0.7,150000,0.42
50,11,1,3,50000,0.7,150000,0.293333
50,12,1,3,50000,0.7,150000,0.386667
50,13,1,3,50000,0.7,150000,0.36
50,14,1,3,50000,0.7,150000,0.426667
50,15,1,3,50000,0.7,150000,0.386667
50,16,1,3,50000,0.7,150000,0.453333
50,17,1,3,50000,0.7,150000,0.393333
50,18,1,3,50000,0.7,150000,0.333333
50,19,1,3,50000,0.7,150000,0.333333
50,20,1,3,50000,0.7,150000,0.36
50,21,1,3,50000,0.7,150000,0.293333
50,22,1,3,50000,0.7,150000,0.38
50,23,1,3,50000,0.7,150000,0.326667
50,24,1,3,50000,0.7,150000,0.326667
50,25,1,3,50000,0.7,150000,0.413333
50,26,1,3,50000,0.7,150000,0.366667
50,27,1,3,50000,0.7,150000,0.28
50,28,1,3,50000,0.7,150000,0.353333
50,29,1,3,50000,0.7,150000,0.393333
50,30,1,3,50000,0.7,150000,0.38
50,31,1,3,50000,0.7,150000,0.286667
50,32,1,3,50000,0.7,150000,0.333333
50,33,1,3,50000,0.7,150000,0.3
50,34,1,3,50000,0.7,150000,0.28
50,35,1,3,50000,0.7,150000,0.313333
50,36,1,3,50000,0.7,150000,0.306667
50,37,1,3,50000,0.7,150000,0.353333
50,38,1,3,50000,0.7,150000,0.273333
50,39,1,3,50000,0.7,150000,0.313333
50,40,1,3,50000,0.7,150000,0.293333
50,41,1,3,50000,0.7,150000,0.266667
50,42,1,3,50000,0.7,150000,0.346667
50,43,1,3,50000,0.7,150000,0.306667
50,44,1,3,50000,0.7,150000,0.286667
50,45,1,3,50000,0.7,150000,0.24
50,46,1,3,50000,0.7,150000,0.273333
50,47,1,3,50000,0.7,150000,0.3
50,48,1,3,50000,0.7,150000,0.246667
50,49,1,3,50000,0.7,150000,0.306667
50,50,1,3,50000,0.7,150000,0.253333
50,1,1,3,50000,0.8,150000,0.373333
50,2,1,3,50000,0.8,150000,0.313333
50,3,1,3,50000,0.8,150000,0.326667
50,4,1,3,50000,0.8,150000,0.3
50,5,1,3,50000,0.8,150000,0.313333
50,6,1,3,50000,0.8,150000,0.38
50,7,1,3,50000,0.8,150000,0.366667
50,8,1,3,50000,0.8,150000,0.326667
50,9,1,3,50000,0.8,150000,0.326667
50,10,1,3,50000,0.8,150000,0.32
50,11,1,3,50000,0.8,150000,0.326667
50,12,1,3,50000,0.8,150000,0.36
50,13,1,3,50000,0.8,150000,0.353333
50,14,1,3,50000,0.8,150000,0.393333
50,15,1,3,50000,0.8,150000,0.353333
50,16,1,3,50000,0.8,150000,0.293333
50,17,1,3,50000,0.8,150000,0.333333
50,18,1,3,50000,0.8,150000,0.36
50,19,1,3,50000,0.8,150000,0.373333
50,20,1,3,50000,0.8,150000,0.353333
50,21,1,3,50000,0.8,150000,0.326667
50,22,1,3,50000,0.8,150000,0.34
50,23,1,3,50000,0.8,150000,0.286667
50,24,1,3,50000,0.8,150000,0.32
50,25,1,3,50000,0.8,150000,0.273333
50,26,1,3,50000,0.8,150000,0.293333
50,27,1,3,50000,0.8,150000,0.333333
50,28,1,3,50000,0.8,150000,0.32
50,29,1,3,50000,0.8,150000,0.32
50,30,1,3,50000,0.8,150000,0.3
50,31,1,3,50000,0.8,150000,0.306667
50,32,1,3,50000,0.8,150000,0.3
50,33,1,3,50000,0.8,150000,0.32
50,34,1,3,50000,0.8,150000,0.293333
50,35,1,3,50000,0.8,150000,0.32
50,36,1,3,50000,0.8,150000,0.313333
50,37,1,3,50000,0.8,150000,0.3
50,38,1,3,50000,0.8,150000,0.293333
50,39,1,3,50000,0.8,150000,0.28
50,40,1,3,50000,0.8,150000,0.333333
50,41,1,3,50000,0.8,150000,0.266667
50,42,1,3,50000,0.8,150000,0.293333
50,43,1,3,50000,0.8,150000,0.253333
50,44,1,3,50000,0.8,150000,0.333333
50,45,1,3,50000,0.8,150000,0.3
50,46,1,3,50000,0.8,150000,0.306667
50,47,1,3,50000,0.8,150000,0.366667
50,48,1,3,50000,0.8,150000,0.26
50,49,1,3,50000,0.8,150000,0.266667
50,50,1,3,50000,0.8,150000,0.233333
50,1,1,3,50000,0.9,150000,0.233333
50,2,1,3,50000,0.9,150000,0.246667
50,3,1,3,50000,0.9,150000,0.293333
50,4,1,3,50000,0.9,150000,0.32
50,5,1,3,50000,0.9,150000,0.306667
50,6,1,3,50000,0.9,150000,0.286667
50,7,1,3,50000,0.9,150000,0.266667
50,8,1,3,50000,0.9,150000,0.306667
50,9,1,3,50000,0.9,150000,0.26
50,10,1,3,50000,0.9,150000,0.313333
50,11,1,3,50000,0.9,150000,0.306667
50,12,1,3,50000,0.9,150000,0.273333
50,13,1,3,50000,0.9,150000,0.26
50,14,1,3,50000,0.9,150000,0.266667
50,15,1,3,50000,0.9,150000,0.266667
50,16,1,3,50000,0.9,150000,0.326667
50,17,1,3,50000,0.9,150000,0.233333
50,18,1,3,50000,0.9,150000,0.233333
50,19,1,3,50000,0.9,150000,0.306667
50,20,1,3,50000,0.9,150000,0.32
50,21,1,3,50000,0.9,150000,0.226667
50,22,1,3,50000,0.9,150000,0.28
50,23,1,3,50000,0.9,150000,0.28
50,24,1,3,50000,0.9,150000,0.28
50,25,1,3,50000,0.9,150000,0.226667
50,26,1,3,50000,0.9,150000,0.266667
50,27,1,3,50000,0.9,150000,0.273333
50,28,1,3,50000,0.9,150000,0.22
50,29,1,3,50000,0.9,150000,0.246667
50,30,1,3,50000,0.9,150000,0.273333
50,31,1,3,50000,0.9,150000,0.253333
50,32,1,3,50000,0.9,150000,0.306667
50,33,1,3,50000,0.9,150000,0.34
50,34,1,3,50000,0.9,150000,0.226667
50,35,1,3,50000,0.9,150000,0.273333
50,36,1,3,50000,0.9,150000,0.306667
50,37,1,3,50000,0.9,150000,0.266667
50,38,1,3,50000,0.9,150000,0.253333
50,39,1,3,50000,0.9,150000,0.333333
50,40,1,3,50000,0.9,150000,0.253333
50,41,1,3,50000,0.9,150000,0.26
50,42,1,3,50000,0.9,150000,0.28
50,43,1,3,50000,0.9,150000,0.253333
50,44,1,3,50000,0.9,150000,0.253333
50,45,1,3,50000,0.9,150000,0.26
50,46,1,3,50000,0.9,150000,0.273333
50,47,1,3,50000,0.9,150000,0.22
50,48,1,3,50000,0.9,150000,0.24
50,49,1,3,50000,0.9,150000,0.28
50,50,1,3,50000,0.9,150000,0.293333
50,1,1,3,50000,0.95,150000,0.253333
50,2,1,3,50000,0.95,150000,0.26
50,3,1,3,50000,0.95,150000,0.273333
50,4,1,3,50000,0.95,150000,0.206667
50,5,1,3,50000,0.95,150000,0.2
50,6,1,3,50000,0.95,150000,0.253333
50,7,1,3,50000,0.95,150000,0.233333
50,8,1,3,50000,0.95,150000,0.206667
50,9,1,3,50000,0.95,150000,0.233333
50,10,1,3,50000,0.95,150000,0.206667
50,11,1,3,50000,0.95,150000,0.273333
50,12,1,3,50000,0.95,150000,0.226667
50,13,1,3,50000,0.95,150000,0.173333
50,14,1,3,50000,0.95,150000,0.213333
50,15,1,3,50000,0.95,150000,0.186667
50,16,1,3,50000,0.95,150000,0.2
50,17,1,3,50000,0.95,150000,0.26
50,18,1,3,50000,0.95,150000,0.246667
50,19,1,3,50000,0.95,150000,0.266667
50,20,1,3,50000,0.95,150000,0.18
50,21,1,3,50000,0.95,150000,0.286667
50,22,1,3,50000,0.95,150000,0.24
50,23,1,3,50000,0.95,150000,0.173333
50,24,1,3,50000,0.95,150000,0.24
50,25,1,3,50000,0.95,150000,0.226667
50,26,1,3,50000,0.95,150000,0.226667
50,27,1,3,50000,0.95,150000,0.233333
50,28,1,3,50000,0.95,150000,0.233333
50,29,1,3,50000,0.95,150000,0.22
50,30,1,3,50000,0.95,150000,0.18
50,31,1,3,50000,0.95,150000,0.233333
50,32,1,3,50000,0.95,150000,0.246667
50,33,1,3,50000,0.95,150000,0.206667
50,34,1,3,50000,0.95,150000,0.206667
50,35,1,3,50000,0.95,150000,0.226667
50,36,1,3,50000,0.95,150000,0.213333
50,37,1,3,50000,0.95,150000,0.253333
50,38,1,3,50000,0.95,150000,0.2
50,39,1,3,50000,0.95,150000,0.24
50,40,1,3,50000,0.95,150000,0.226667
50,41,1,3,50000,0.95,150000,0.226667
50,42,1,3,50000,0.95,150000,0.233333
50,43,1,3,50000,0.95,150000,0.24
50,44,1,3,50000,0.95,150000,0.226667
50,45,1,3,50000,0.95,150000,0.213333
50,46,1,3,50000,0.95,150000,0.246667
50,47,1,3,50000,0.95,150000,0.193333
50,48,1,3,50000,0.95,150000,0.213333
50,49,1,3,50000,0.95,150000,0.213333
50,50,1,3,50000,0.95,150000,0.246667
50,1,1,3,50000,0.05,150000,0.513333
50,2,1,3,50000,0.05,150000,0.406667
50,3,1,3,50000,0.05,150000,0.3
50,4,1,3,50000,0.05,150000,0.293333
50,5,1,3,50000,0.05,150000,0.246667
50,6,1,3,50000,0.05,150000,0.213333
50,7,1,3,50000,0.05,150000,0.173333
50,8,1,3,50000,0.05,150000,0.126667
50,9,1,3,50000,0.05,150000,0.12
50,10,1,3,50000,0.05,150000,0.113333
50,11,1,3,50000,0.05,150000,0.0933333
50,12,1,3,50000,0.05,150000,0.0933333
50,13,1,3,50000,0.05,150000,0.08
50,14,1,3,50000,0.05,150000,0.08
50,15,1,3,50000,0.05,150000,0.08
50,16,1,3,50000,0.05,150000,0.08
50,17,1,3,50000,0.05,150000,0.08
50,18,1,3,50000,0.05,150000,0.08
50,19,1,3,50000,0.05,150000,0.08
50,20,1,3,50000,0.05,150000,0.08
50,21,1,3,50000,0.05,150000,0.08
50,22,1,3,50000,0.05,150000,0.08
50,23,1,3,50000,0.05,150000,0.08
50,24,1,3,50000,0.05,150000,0.08
50,25,1,3,50000,0.05,150000,0.08
50,26,1,3,50000,0.05,150000,0.08
50,27,1,3,50000,0.05,150000,0.08
50,28,1,3,50000,0.05,150000,0.08
50,29,1,3,50000,0.05,150000,0.08
50,30,1,3,50000,0.05,150000,0.08
50,31,1,3,50000,0.05,150000,0.08
50,32,1,3,50000,0.05,150000,0.08
50,33,1,3,50000,0.05,150000,0.08
50,34,1,3,50000,0.05,150000,0.08
50,35,1,3,50000,0.05,150000,0.08
50,36,1,3,50000,0.05,150000,0.08
50,37,1,3,50000,0.05,150000,0.08
50,38,1,3,50000,0.05,150000,0.08
50,39,1,3,50000,0.05,150000,0.08
50,40,1,3,50000,0.05,150000,0.08
50,41,1,3,50000,0.05,150000,0.08
50,42,1,3,50000,0.05,150000,0.08
50,43,1,3,50000,0.05,150000,0.08
50,44,1,3,50000,0.05,150000,0.08
50,45,1,3,50000,0.05,150000,0.08
50,46,1,3,50000,0.05,150000,0.08
50,47,1,3,50000,0.05,150000,0.08
50,48,1,3,50000,0.05,150000,0.08
50,49,1,3,50000,0.05,150000,0.08
50,50,1,3,50000,0.05,150000,0.08
50,1,1,3,50000,0.025,150000,0.473333
50,2,1,3,50000,0.025,150000,0.353333
50,3,1,3,50000,0.025,150000,0.266667
50,4,1,3,50000,0.025,150000,0.206667
50,5,1,3,50000,0.025,150000,0.173333
50,6,1,3,50000,0.025,150000,0.166667
50,7,1,3,50000,0.025,150000,0.16
50,8,1,3,50000,0.025,150000,0.16
50,9,1,3,50000,0.025,150000,0.16
50,10,1,3,50000,0.025,150000,0.16
50,11,1,3,50000,0.025,150000,0.16
50,12,1,3,50000,0.025,150000,0.16
50,13,1,3,50000,0.025,150000,0.16
50,14,1,3,50000,0.025,150000,0.16
50,15,1,3,50000,0.025,150000,0.16
50,16,1,3,50000,0.025,150000,0.16
50,17,1,3,50000,0.025,150000,0.16
50,18,1,3,50000,0.025,150000,0.16
50,19,1,3,50000,0.025,150000,0.16
50,20,1,3,50000,0.025,150000,0.16
50,21,1,3,50000,0.025,150000,0.16
50,22,1,3,50000,0.025,150000,0.16
50,23,1,3,50000,0.025,150000,0.16
50,24,1,3,50000,0.025,150000,0.16
50,25,1,3,50000,0.025,150000,0.16
50,26,1,3,50000,0.025,150000,0.16
50,27,1,3,50000,0.025,150000,0.16
50,28,1,3,50000,0.025,150000,0.16
50,29,1,3,50000,0.025,150000,0.16
50,30,1,3,50000,0.025,150000,0.16
50,31,1,3,50000,0.025,150000,0.16
50,32,1,3,50000,0.025,150000,0.16
50,33,1,3,50000,0.025,150000,0.16
50,34,1,3,50000,0.025,150000,0.16
50,35,1,3,50000,0.025,150000,0.16
50,36,1,3,50000,0.025,150000,0.16
50,37,1,3,50000,0.025,150000,0.16
50,38,1,3,50000,0.025,150000,0.16
50,39,1,3,50000,0.025,150000,0.16
50,40,1,3,50000,0.025,150000,0.16
50,41,1,3,50000,0.025,150000,0.16
50,42,1,3,50000,0.025,150000,0.16
50,43,1,3,50000,0.025,150000,0.16
50,44,1,3,50000,0.025,150000,0.16
50,45,1,3,50000,0.025,150000,0.16
50,46,1,3,50000,0.025,150000,0.16
50,47,1,3,50000,0.025,150000,0.16
50,48,1,3,50000,0.025,150000,0.16
50,49,1,3,50000,0.025,150000,0.16
50,50,1,3,50000,0.025,150000,0.16
50,1,1,3,50000,0.01,150000,0.48
50,2,1,3,50000,0.01,150000,0.466667
50,3,1,3,50000,0.01,150000,0.46
50,4,1,3,50000,0.01,150000,0.406667
50,5,1,3,50000,0.01,150000,0.38
50,6,1,3,50000,0.01,150000,0.4
50,7,1,3,50000,0.01,150000,0.353333
50,8,1,3,50000,0.01,150000,0.353333
50,9,1,3,50000,0.01,150000,0.38
50,10,1,3,50000,0.01,150000,0.4
50,11,1,3,50000,0.01,150000,0.386667
50,12,1,3,50000,0.01,150000,0.38
50,13,1,3,50000,0.01,150000,0.386667
50,14,1,3,50000,0.01,150000,0.346667
50,15,1,3,50000,0.01,150000,0.393333
50,16,1,3,50000,0.01,150000,0.386667
50,17,1,3,50000,0.01,150000,0.366667
50,18,1,3,50000,0.01,150000,0.36
50,19,1,3,50000,0.01,150000,0.393333
50,20,1,3,50000,0.01,150000,0.38
50,21,1,3,50000,0.01,150000,0.346667
50,22,1,3,50000,0.01,150000,0.4
50,23,1,3,50000,0.01,150000,0.373333
50,24,1,3,50000,0.01,150000,0.413333
50,25,1,3,50000,0.01,150000,0.386667
50,26,1,3,50000,0.01,150000,0.353333
50,27,1,3,50000,0.01,150000,0.386667
50,28,1,3,50000,0.01,150000,0.413333
50,29,1,3,50000,0.01,150000,0.34
50,30,1,3,50000,0.01,150000,0.386667
50,31,1,3,50000,0.01,150000,0.346667
50,32,1,3,50000,0.01,150000,0.4
50,33,1,3,50000,0.01,150000,0.36
50,34,1,3,50000,0.01,150000,0.4
50,35,1,3,50000,0.01,150000,0.393333
50,36,1,3,50000,0.01,150000,0.333333
50,37,1,3,50000,0.01,150000,0.353333
50,38,1,3,50000,0.01,150000,0.386667
50,39,1,3,50000,0.01,150000,0.38
50,40,1,3,50000,0.01,150000,0.36
50,41,1,3,50000,0.01,150000,0.373333
50,42,1,3,50000,0.01,150000,0.366667
50,43,1,3,50000,0.01,150000,0.38
50,44,1,3,50000,0.01,150000,0.353333
50,45,1,3,50000,0.01,150000,0.38
50,46,1,3,50000,0.01,150000,0.36
50,47,1,3,50000,0.01,150000,0.34
50,48,1,3,50000,0.01,150000,0.373333
50,49,1,3,50000,0.01,150000,0.386667
50,50,1,3,50000,0.01,150000,0.406667
50,1,1,3,50000,0.1,150000,0.6
50,2,1,3,50000,0.1,150000,0.493333
50,3,1,3,50000,0.1,150000,0.426667
50,4,1,3,50000,0.1,150000,0.366667
50,5,1,3,50000,0.1,150000,0.32
50,6,1,3,50000,0.1,150000,0.34
50,7,1,3,50000,0.1,150000,0.333333
50,8,1,3,50000,0.1,150000,0.233333
50,9,1,3,50000,0.1,150000,0.206667
50,10,1,3,50000,0.1,150000,0.146667
50,11,1,3,50000,0.1,150000,0.173333
50,12,1,3,50000,0.1,150000,0.113333
50,13,1,3,50000,0.1,150000,0.173333
50,14,1,3,50000,0.1,150000,0.12
50,15,1,3,50000,0.1,150000,0.113333
50,16,1,3,50000,0.1,150000,0.0866667
50,17,1,3,50000,0.1,150000,0.0666667
50,18,1,3,50000,0.1,150000,0.1
50,19,1,3,50000,0.1,150000,0.0866667
50,20,1,3,50000,0.1,150000,0.0666667
50,21,1,3,50000,0.1,150000,0.0666667
50,22,1,3,50000,0.1,150000,0.0533333
50,23,1,3,50000,0.1,150000,0.0466667
50,24,1,3,50000,0.1,150000,0.06
50,25,1,3,50000,0.1,150000,0.04
50,26,1,3,50000,0.1,150000,0.04
50,27,1,3,50000,0.1,150000,0.04
50,28,1,3,50000,0.1,150000,0.04
50,29,1,3,50000,0.1,150000,0.04
50,30,1,3,50000,0.1,150000,0.04
50,31,1,3,50000,0.1,150000,0.04
50,32,1,3,50000,0.1,150000,0.04
50,33,1,3,50000,0.1,150000,0.04
50,34,1,3,50000,0.1,150000,0.04
50,35,1,3,50000,0.1,150000,0.04
50,36,1,3,50000,0.1,150000,0.04
50,37,1,3,50000,0.1,150000,0.04
50,38,1,3,50000,0.1,150000,0.04
50,39,1,3,50000,0.1,150000,0.04
50,40,1,3,50000,0.1,150000,0.04
50,41,1,3,50000,0.1,150000,0.04
50,42,1,3,50000,0.1,150000,0.04
50,43,1,3,50000,0.1,150000,0.04
50,44,1,3,50000,0.1,150000,0.04
50,45,1,3,50000,0.1,150000,0.04
50,46,1,3,50000,0.1,150000,0.04
50,47,1,3,50000,0.1,150000,0.04
50,48,1,3,50000,0.1,150000,0.04
50,49,1,3,50000,0.1,150000,0.04
50,50,1,3,50000,0.1,150000,0.04
50,1,1,3,50000,0.2,150000,0.426667
50,2,1,3,50000,0.2,150000,0.453333
50,3,1,3,50000,0.2,150000,0.36
50,4,1,3,50000,0.2,150000,0.366667
50,5,1,3,50000,0.2,150000,0.48
50,6,1,3,50000,0.2,150000,0.346667
50,7,1,3,50000,0.2,150000,0.36
50,8,1,3,50000,0.2,150000,0.346667
50,9,1,3,50000,0.2,150000,0.366667
50,10,1,3,50000,0.2,150000,0.353333
50,11,1,3,50000,0.2,150000,0.28
50,12,1,3,50000,0.2,150000,0.313333
50,13,1,3,50000,0.2,150000,0.233333
50,14,1,3,50000,0.2,150000,0.273333
50,15,1,3,50000,0.2,150000,0.186667
50,16,1,3,50000,0.2,150000,0.273333
50,17,1,3,50000,0.2,150000,0.173333
50,18,1,3,50000,0.2,150000,0.16
50,19,1,3,50000,0.2,150000,0.14
50,20,1,3,50000,0.2,150000,0.146667
50,21,1,3,50000,0.2,150000,0.173333
50,22,1,3,50000,0.2,150000,0.18
50,23,1,3,50000,0.2,150000,0.146667
50,24,1,3,50000,0.2,150000,0.106667
50,25,1,3,50000,0.2,150000,0.12
50,26,1,3,50000,0.2,150000,0.113333
50,27,1,3,50000,0.2,150000,0.113333
50,28,1,3,50000,0.2,150000,0.0666667
50,29,1,3,50000,0.2,150000,0.0733333
50,30,1,3,50000,0.2,150000,0.0466667
50,31,1,3,50000,0.2,150000,0.0933333
50,32,1,3,50000,0.2,150000,0.0666667
50,33,1,3,50000,0.2,150000,0.0733333
50,34,1,3,50000,0.2,150000,0.0533333
50,35,1,3,50000,0.2,150000,0.0733333
50,36,1,3,50000,0.2,150000,0.0666667
50,37,1,3,50000,0.2,150000,0.0133333
50,38,1,3,50000,0.2,150000,0.0266667
50,39,1,3,50000,0.2,150000,0.0133333
50,40,1,3,50000,0.2,150000,0.0466667
50,41,1,3,50000,0.2,150000,0.0466667
50,42,1,3,50000,0.2,150000,0.04
50,43,1,3,50000,0.2,150000,0.0466667
50,44,1,3,50000,0.2,150000,0.0333333
50,45,1,3,50000,0.2,150000,0.0133333
50,46,1,3,50000,0.2,150000,0.0466667
50,47,1,3,50000,0.2,150000,0.0133333
50,48,1,3,50000,0.2,150000,0.02
50,49,1,3,50000,0.2,150000,0.0133333
50,50,1,3,50000,0.2,150000,0.02
50,1,1,3,50000,0.3,150000,0.38
50,2,1,3,50000,0.3,150000,0.473333
50,3,1,3,50000,0.3,150000,0.42
50,4,1,3,50000,0.3,150000,0.42
50,5,1,3,50000,0.3,150000,0.38
50,6,1,3,50000,0.3,150000,0.44
50,7,1,3,50000,0.3,150000,0.426667
50,8,1,3,50000,0.3,150000,0.406667
50,9,1,3,50000,0.3,150000,0.46
50,10,1,3,50000,0.3,150000,0.333333
50,11,1,3,50000,0.3,150000,0.42
50,12,1,3,50000,0.3,150000,0.333333
50,13,1,3,50000,0.3,150000,0.286667
50,14,1,3,50000,0.3,150000,0.246667
50,15,1,3,50000,0.3,150000,0.28
50,16,1,3,50000,0.3,150000,0.353333
50,17,1,3,50000,0.3,150000,0.313333
50,18,1,3,50000,0.3,150000,0.346667
50,19,1,3,50000,0.3,150000,0.186667
50,20,1,3,50000,0.3,150000,0.233333
50,21,1,3,50000,0.3,150000,0.26
50,22,1,3,50000,0.3,150000,0.273333
50,23,1,3,50000,0.3,150000,0.3
50,24,1,3,50000,0.3,150000,0.273333
50,25,1,3,50000,0.3,150000,0.233333
50,26,1,3,50000,0.3,150000,0.2
50,27,1,3,50000,0.3,150000,0.14
50,28,1,3,50000,0.3,150000,0.18
50,29,1,3,50000,0.3,150000,0.206667
50,30,1,3,50000,0.3,150000,0.153333
50,31,1,3,50000,0.3,150000,0.126667
50,32,1,3,50000,0.3,150000,0.146667
50,33,1,3,50000,0.3,150000,0.113333
50,34,1,3,50000,0.3,150000,0.0933333
50,35,1,3,50000,0.3,150000,0.126667
50,36,1,3,50000,0.3,150000,0.133333
50,37,1,3,50000,0.3,150000,0.106667
50,38,1,3,50000,0.3,150000,0.133333
50,39,1,3,50000,0.3,150000,0.173333
50,40,1,3,50000,0.3,150000,0.133333
50,41,1,3,50000,0.3,150000,0.1
50,42,1,3,50000,0.3,150000,0.0933333
50,43,1,3,50000,0.3,150000,0.08
50,44,1,3,50000,0.3,150000,0.0733333
50,45,1,3,50000,0.3,150000,0.0733333
50,46,1,3,50000,0.3,150000,0.0533333
50,47,1,3,50000,0.3,150000,0.0866667
50,48,1,3,50000,0.3,150000,0.06
50,49,1,3,50000,0.3,150000,0.0733333
50,50,1,3,50000,0.3,150000,0.06
50,1,1,3,50000,0.4,150000,0.48
50,2,1,3,50000,0.4,150000,0.46
50,3,1,3,50000,0.4,150000,0.513333
50,4,1,3,50000,0.4,150000,0.386667
50,5,1,3,50000,0.4,150000,0.44
50,6,1,3,50000,0.4,150000,0.52
50,7,1,3,50000,0.4,150000,0.473333
50,8,1,3,50000,0.4,150000,0.386667
50,9,1,3,50000,0.4,150000,0.4
50,10,1,3,50000,0.4,150000,0.36
50,11,1,3,50000,0.4,150000,0.513333
50,12,1,3,50000,0.4,150000,0.393333
50,13,1,3,50000,0.4,150000,0.36
50,14,1,3,50000,0.4,150000,0.386667
50,15,1,3,50000,0.4,150000,0.36
50,16,1,3,50000,0.4,150000,0.413333
50,17,1,3,50000,0.4,150000,0.36
50,18,1,3,50000,0.4,150000,0.306667
50,19,1,3,50000,0.4,150000,0.286667
50,20,1,3,50000,0.4,150000,0.293333
50,21,1,3,50000,0.4,150000,0.3
50,22,1,3,50000,0.4,150000,0.286667
50,23,1,3,50000,0.4,150000,0.38
50,24,1,3,50000,0.4,150000,0.326667
50,25,1,3,50000,0.4,150000,0.293333
50,26,1,3,50000,0.4,150000,0.253333
50,27,1,3,50000,0.4,150000,0.226667
50,28,1,3,50000,0.4,150000,0.213333
50,29,1,3,50000,0.4,150000,0.213333
50,30,1,3,50000,0.4,150000,0.26
50,31,1,3,50000,0.4,150000,0.2
50,32,1,3,50000,0.4,150000,0.24
50,33,1,3,50000,0.4,150000,0.173333
50,34,1,3,50000,0.4,150000,0.273333
50,35,1,3,50000,0.4,150000,0.173333
50,36,1,3,50000,0.4,150000,0.266667
50,37,1,3,50000,0.4,150000,0.126667
50,38,1,3,50000,0.4,150000,0.233333
50,39,1,3,50000,0.4,150000,0.173333
50,40,1,3,50000,0.4,150000,0.2
50,41,1,3,50000,0.4,150000,0.193333
50,42,1,3,50000,0.4,150000,0.146667
50,43,1,3,50000,0.4,150000,0.186667
50,44,1,3,50000,0.4,150000,0.24
50,45,1,3,50000,0.4,150000,0.22
50,46,1,3,50000,0.4,150000,0.18
50,47,1,3,50000,0.4,150000,0.0866667
50,48,1,3,50000,0.4,150000,0.14
50,49,1,3,50000,0.4,150000,0.133333
50,50,1,3,50000,0.4,150000,0.173333
50,1,1,3,50000,0.5,150000,0.5
50,2,1,3,50000,0.5,150000,0.393333
50,3,1,3,50000,0.5,150000,0.446667
50,4,1,3,50000,0.5,150000,0.433333
50,5,1,3,50000,0.5,150000,0.373333
50,6,1,3,50000,0.5,150000,0.4
50,7,1,3,50000,0.5,150000,0.386667
50,8,1,3,50000,0.5,150000,0.406667
50,9,1,3,50000,0.5,150000,0.393333
50,10,1,3,50000,0.5,150000,0.38
50,11,1,3,50000,0.5,150000,0.433333
50,12,1,3,50000,0.5,150000,0.393333
50,13,1,3,50000,0.5,150000,0.386667
50,14,1,3,50000,0.5,150000,0.393333
50,15,1,3,50000,0.5,150000,0.346667
50,16,1,3,50000,0.5,150000,0.36
50,17,1,3,50000,0.5,150000,0.366667
50,18,1,3,50000,0.5,150000,0.393333
50,19,1,3,50000,0.5,150000,0.313333
50,20,1,3,50000,0.5,150000,0.286667
50,21,1,3,50000,0.5,150000,0.353333
50,22,1,3,50000,0.5,150000,0.36
50,23,1,3,50000,0.5,150000,0.406667
50,24,1,3,50000,0.5,150000,0.333333
50,25,1,3,50000,0.5,150000,0.306667
50,26,1,3,50000,0.5,150000,0.273333
50,27,1,3,50000,0.5,150000,0.293333
50,28,1,3,50000,0.5,150000,0.333333
50,29,1,3,50000,0.5,150000,0.306667
50,30,1,3,50000,0.5,150000,0.246667
50,31,1,3,50000,0.5,150000,0.326667
50,32,1,3,50000,0.5,150000,0.32
50,33,1,3,50000,0.5,150000,0.353333
50,34,1,3,50000,0.5,150000,0.313333
50,35,1,3,50000,0.5,150000,0.273333
50,36,1,3,50000,0.5,150000,0.32
50,37,1,3,50000,0.5,150000,0.246667
50,38,1,3,50000,0.5,150000,0.213333
50,39,1,3,50000,0.5,150000,0.28
50,40,1,3,50000,0.5,150000,0.24
50,41,1,3,50000,0.5,150000,0.266667
50,42,1,3,50000,0.5,150000,0.266667
50,43,1,3,50000,0.5,150000,0.213333
50,44,1,3,50000,0.5,150000,0.24
50,45,1,3,50000,0.5,150000,0.206667
50,46,1,3,50000,0.5,150000,0.24
50,47,1,3,50000,0.5,150000,0.226667
50,48,1,3,50000,0.5,150000,0.22
50,49,1,3,50000,0.5,150000,0.22
50,50,1,3,50000,0.5,150000,0.24
50,1,1,3,50000,0.6,150000,0.393333
50,2,1,3,50000,0.6,150000,0.333333
50,3,1,3,50000,0.6,150000,0.373333
50,4,1,3,50000,0.6,150000,0.36
50,5,1,3,50000,0.6,150000,0.44
50,6,1,3,50000,0.6,150000,0.426667
50,7,1,3,50000,0.6,150000,0.366667
50,8,1,3,50000,0.6,150000,0.34
50,9,1,3,50000,0.6,150000,0.353333
50,10,1,3,50000,0.6,150000,0.38
50,11,1,3,50000,0.6,150000,0.426667
50,12,1,3,50000,0.6,150000,0.386667
50,13,1,3,50000,0.6,150000,0.333333
50,14,1,3,50000,0.6,150000,0.4
50,15,1,3,50000,0.6,150000,0.373333
50,16,1,3,50000,0.6,150000,0.4
50,17,1,3,50000,0.6,150000,0.326667
50,18,1,3,50000,0.6,150000,0.333333
50,19,1,3,50000,0.6,150000,0.38
50,20,1,3,50000,0.6,150000,0.306667
50,21,1,3,50000,0.6,150000,0.36
50,22,1,3,50000,0.6,150000,0.373333
50,23,1,3,50000,0.6,150000,0.36
50,24,1,3,50000,0.6,150000,0.326667
50,25,1,3,50000,0.6,150000,0.34
50,26,1,3,50000,0.6,150000,0.38
50,27,1,3,50000,0.6,150000,0.333333
50,28,1,3,50000,0.6,150000,0.266667
50,29,1,3,50000,0.6,150000,0.273333
50,30,1,3,50000,0.6,150000,0.3
50,31,1,3,50000,0.6,150000,0.286667
50,32,1,3,50000,0.6,150000,0.32
50,33,1,3,50000,0.6,150000,0.3
50,34,1,3,50000,0.6,150000,0.366667
50,35,1,3,50000,0.6,150000,0.32
50,36,1,3,50000,0.6,150000,0.24
50,37,1,3,50000,0.6,150000,0.293333
50,38,1,3,50000,0.6,150000,0.326667
50,39,1,3,50000,0.6,150000,0.32
50,40,1,3,50000,0.6,150000,0.226667
50,41,1,3,50000,0.6,150000,0.233333
50,42,1,3,50000,0.6,150000,0.28
50,43,1,3,50000,0.6,150000,0.273333
50,44,1,3,50000,0.6,150000,0.24
50,45,1,3,50000,0.6,150000,0.273333
50,46,1,3,50000,0.6,150000,0.326667
50,47,1,3,50000,0.6,150000,0.26
50,48,1,3,50000,0.6,150000,0.266667
50,49,1,3,50000,0.6,150000,0.32
50,50,1,3,50000,0.6,150000,0.266667
50,1,1,3,50000,0.7,150000,0.38
50,2,1,3,50000,0.7,150000,0.373333
50,3,1,3,50000,0.7,150000,0.393333
50,4,1,3,50000,0.7,150000,0.373333
50,5,1,3,50000,0.7,150000,0.36
50,6,1,3,50000,0.7,150000,0.366667
50,7,1,3,50000,0.7,150000,0.4
50,8,1,3,50000,0.7,150000,0.426667
50,9,1,3,50000,0.7,150000,0.353333
50,10,1,3,50000,0.7,150000,0.333333
50,11,1,3,50000,0.7,150000,0.293333
50,12,1,3,50000,0.7,150000,0.366667
50,13,1,3,50000,0.7,150000,0.353333
50,14,1,3,50000,0.7,150000,0.326667
50,15,1,3,50000,0.7,150000,0.346667
50,16,1,3,50000,0.7,150000,0.353333
50,17,1,3,50000,0.7,150000,0.313333
50,18,1,3,50000,0.7,150000,0.38
50,19,1,3,50000,0.7,150000,0.38
50,20,1,3,50000,0.7,150000,0.333333
50,21,1,3,50000,0.7,150000,0.306667
50,22,1,3,50000,0.7,150000,0.32
50,23,1,3,50000,0.7,150000,0.34
50,24,1,3,50000,0.7,150000,0.366667
50,25,1,3,50000,0.7,150000,0.353333
50,26,1,3,50000,0.7,150000,0.353333
50,27,1,3,50000,0.7,150000,0.32
50,28,1,3,50000,0.7,150000,0.393333
50,29,1,3,50000,0.7,150000,0.313333
50,30,1,3,50000,0.7,150000,0.373333
50,31,1,3,50000,0.7,150000,0.286667
50,32,1,3,50000,0.7,150000,0.333333
50,33,1,3,50000,0.7,150000,0.28
50,34,1,3,50000,0.7,150000,0.28
50,35,1,3,50000,0.7,150000,0.32
50,36,1,3,50000,0.7,150000,0.326667
50,37,1,3,50000,0.7,150000,0.333333
50,38,1,3,50000,0.7,150000,0.26
50,39,1,3,50000,0.7,150000,0.373333
50,40,1,3,50000,0.7,150000,0.313333
50,41,1,3,50000,0.7,150000,0.28
50,42,1,3,50000,0.7,150000,0.293333
50,43,1,3,50000,0.7,150000,0.32
50,44,1,3,50000,0.7,150000,0.293333
50,45,1,3,50000,0.7,150000,0.32
50,46,1,3,50000,0.7,150000,0.233333
50,47,1,3,50000,0.7,150000,0.353333
50,48,1,3,50000,0.7,150000,0.266667
50,49,1,3,50000,0.7,150000,0.273333
50,50,1,3,50000,0.7,150000,0.28
50,1,1,3,50000,0.8,150000,0.346667
50,2,1,3,50000,0.8,150000,0.433333
50,3,1,3,50000,0.8,150000,0.346667
50,4,1,3,50000,0.8,150000,0.353333
50,5,1,3,50000,0.8,150000,0.293333
50,6,1,3,50000,0.8,150000,0.34
50,7,1,3,50000,0.8,150000,0.373333
50,8,1,3,50000,0.8,150000,0.306667
50,9,1,3,50000,0.8,150000,0.333333
50,10,1,3,50000,0.8,150000,0.333333
50,11,1,3,50000,0.8,150000,0.386667
50,12,1,3,50000,0.8,150000,0.326667
50,13,1,3,50000,0.8,150000,0.28
50,14,1,3,50000,0.8,150000,0.333333
50,15,1,3,50000,0.8,150000,0.373333
50,16,1,3,50000,0.8,150000,0.366667
50,17,1,3,50000,0.8,150000,0.3
50,18,1,3,50000,0.8,150000,0.3
50,19,1,3,50000,0.8,150000,0.3
50,20,1,3,50000,0.8,150000,0.333333
50,21,1,3,50000,0.8,150000,0.293333
50,22,1,3,50000,0.8,150000,0.313333
50,23,1,3,50000,0.8,150000,0.34
50,24,1,3,50000,0.8,150000,0.313333
50,25,1,3,50000,0.8,150000,0.353333
50,26,1,3,50000,0.8,150000,0.38
50,27,1,3,50000,0.8,150000,0.313333
50,28,1,3,50000,0.8,150000,0.313333
50,29,1,3,50000,0.8,150000,0.313333
50,30,1,3,50000,0.8,150000,0.34
50,31,1,3,50000,0.8,150000,0.326667
50,32,1,3,50000,0.8,150000,0.34
50,33,1,3,50000,0.8,150000,0.326667
50,34,1,3,50000,0.8,150000,0.313333
50,35,1,3,50000,0.8,150000,0.333333
50,36,1,3,50000,0.8,150000,0.34
50,37,1,3,50000,0.8,150000,0.24
50,38,1,3,50000,0.8,150000,0.346667
50,39,1,3,50000,0.8,150000,0.28
50,40,1,3,50000,0.8,150000,0.286667
50,41,1,3,50000,0.8,150000,0.34
50,42,1,3,50000,0.8,150000,0.32
50,43,1,3,50000,0.8,150000,0.32
50,44,1,3,50000,0.8,150000,0.213333
50,45,1,3,50000,0.8,150000,0.253333
50,46,1,3,50000,0.8,150000,0.293333
50,47,1,3,50000,0.8,150000,0.233333
50,48,1,3,50000,0.8,150000,0.293333
50,49,1,3,50000,0.8,150000,0.32
50,50,1,3,50000,0.8,150000,0.273333
50,1,1,3,50000,0.9,150000,0.286667
50,2,1,3,50000,0.9,150000,0.306667
50,3,1,3,50000,0.9,150000,0.266667
50,4,1,3,50000,0.9,150000,0.273333
50,5,1,3,50000,0.9,150000,0.246667
50,6,1,3,50000,0.9,150000,0.246667
50,7,1,3,50000,0.9,150000,0.293333
50,8,1,3,50000,0.9,150000,0.26
50,9,1,3,50000,0.9,150000,0.36
50,10,1,3,50000,0.9,150000,0.213333
50,11,1,3,50000,0.9,150000,0.233333
50,12,1,3,50000,0.9,150000,0.24
50,13,1,3,50000,0.9,150000,0.306667
50,14,1,3,50000,0.9,150000,0.326667
50,15,1,3,50000,0.9,150000,0.233333
50,16,1,3,50000,0.9,150000,0.246667
50,17,1,3,50000,0.9,150000,0.253333
50,18,1,3,50000,0.9,150000,0.266667
50,19,1,3,50000,0.9,150000,0.24
50,20,1,3,50000,0.9,150000,0.313333
50,21,1,3,50000,0.9,150000,0.246667
50,22,1,3,50000,0.9,150000,0.233333
50,23,1,3,50000,0.9,150000,0.266667
50,24,1,3,50000,0.9,150000,0.313333
50,25,1,3,50000,0.9,150000,0.273333
50,26,1,3,50000,0.9,150000,0.273333
50,27,1,3,50000,0.9,150000,0.213333
50,28,1,3,50000,0.9,150000,0.233333
50,29,1,3,50000,0.9,150000,0.273333
50,30,1,3,50000,0.9,150000,0.266667
50,31,1,3,50000,0.9,150000,0.28
50,32,1,3,50000,0.9,150000,0.266667
50,33,1,3,50000,0.9,150000,0.26
50,34,1,3,50000,0.9,150000,0.286667
50,35,1,3,50000,0.9,150000,0.293333
50,36,1,3,50000,0.9,150000,0.286667
50,37,1,3,50000,0.9,150000,0.293333
50,38,1,3,50000,0.9,150000,0.233333
50,39,1,3,50000,0.9,150000,0.313333
50,40,1,3,50000,0.9,150000,0.273333
50,41,1,3,50000,0.9,150000,0.24
50,42,1,3,50000,0.9,150000,0.253333
50,43,1,3,50000,0.9,150000,0.273333
50,44,1,3,50000,0.9,150000,0.286667
50,45,1,3,50000,0.9,150000,0.326667
50,46,1,3,50000,0.9,150000,0.32
50,47,1,3,50000,0.9,150000,0.266667
50,48,1,3,50000,0.9,150000,0.286667
50,49,1,3,50000,0.9,150000,0.293333
50,50,1,3,50000,0.9,150000,0.273333
50,1,1,3,50000,0.95,150000,0.213333
50,2,1,3,50000,0.95,150000,0.246667
50,3,1,3,50000,0.95,150000,0.226667
50,4,1,3,50000,0.95,150000,0.26
50,5,1,3,50000,0.95,150000,0.173333
50,6,1,3,50000,0.95,150000,0.213333
50,7,1,3,50000,0.95,150000,0.206667
50,8,1,3,50000,0.95,150000,0.233333
50,9,1,3,50000,0.95,150000,0.213333
50,10,1,3,50000,0.95,150000,0.206667
50,11,1,3,50000,0.95,150000,0.206667
50,12,1,3,50000,0.95,150000,0.246667
50,13,1,3,50000,0.95,150000,0.2
50,14,1,3,50000,0.95,150000,0.253333
50,15,1,3,50000,0.95,150000,0.213333
50,16,1,3,50000,0.95,150000,0.22
50,17,1,3,50000,0.95,150000,0.246667
50,18,1,3,50000,0.95,150000,0.186667
50,19,1,3,50000,0.95,150000,0.293333
50,20,1,3,50000,0.95,150000,0.22
50,21,1,3,50000,0.95,150000,0.22
50,22,1,3,50000,0.95,150000,0.253333
50,23,1,3,50000,0.95,150000,0.26
50,24,1,3,50000,0.95,150000,0.213333
50,25,1,3,50000,0.95,150000,0.226667
50,26,1,3,50000,0.95,150000,0.206667
50,27,1,3,50000,0.95,150000,0.226667
50,28,1,3,50000,0.95,150000,0.206667
50,29,1,3,50000,0.95,150000,0.233333
50,30,1,3,50000,0.95,150000,0.233333
50,31,1,3,50000,0.95,150000,0.253333
50,32,1,3,50000,0.95,150000,0.206667
50,33,1,3,50000,0.95,150000,0.233333
50,34,1,3,50000,0.95,150000,0.213333
50,35,1,3,50000,0.95,150000,0.226667
50,36,1,3,50000,0.95,150000,0.24
50,37,1,3,50000,0.95,150000,0.24
50,38,1,3,50000,0.95,150000,0.313333
50,39,1,3,50000,0.95,150000,0.22
50,40,1,3,50000,0.95,150000,0.226667
50,41,1,3,50000,0.95,150000,0.253333
50,42,1,3,50000,0.95,150000,0.226667
50,43,1,3,50000,0.95,150000,0.206667
50,44,1,3,50000,0.95,150000,0.18
50,45,1,3,50000,0.95,150000,0.233333
50,46,1,3,50000,0.95,150000,0.26
50,47,1,3,50000,0.95,150000,0.206667
50,48,1,3,50000,0.95,150000,0.173333
50,49,1,3,50000,0.95,150000,0.233333
50,50,1,3,50000,0.95,150000,0.233333
50,1,1,3,50000,0.05,150000,0.626667
50,2,1,3,50000,0.05,150000,0.4
50,3,1,3,50000,0.05,150000,0.373333
50,4,1,3,50000,0.05,150000,0.253333
50,5,1,3,50000,0.05,150000,0.213333
50,6,1,3,50000,0.05,150000,0.193333
50,7,1,3,50000,0.05,150000,0.126667
50,8,1,3,50000,0.05,150000,0.146667
50,9,1,3,50000,0.05,150000,0.113333
50,10,1,3,50000,0.05,150000,0.12
50,11,1,3,50000,0.05,150000,0.0933333
50,12,1,3,50000,0.05,150000,0.08
50,13,1,3,50000,0.05,150000,0.08
50,14,1,3,50000,0.05,150000,0.08
50,15,1,3,50000,0.05,150000,0.08
50,16,1,3,50000,0.05,150000,0.08
50,17,1,3,50000,0.05,150000,0.08
50,18,1,3,50000,0.05,150000,0.08
50,19,1,3,50000,0.05,150000,0.08
50,20,1,3,50000,0.05,150000,0.08
50,21,1,3,50000,0.05,150000,0.08
50,22,1,3,50000,0.05,150000,0.08
50,23,1,3,50000,0.05,150000,0.08
50,24,1,3,50000,0.05,150000,0.08
50,25,1,3,50000,0.05,150000,0.08
50,26,1,3,50000,0.05,150000,0.08
50,27,1,3,50000,0.05,150000,0.08
50,28,1,3,50000,0.05,150000,0.08
50,29,1,3,50000,0.05,150000,0.08
50,30,1,3,50000,0.05,150000,0.08
50,31,1,3,50000,0.05,150000,0.08
50,32,1,3,50000,0.05,150000,0.08
50,33,1,3,50000,0.05,150000,0.08
50,34,1,3,50000,0.05,150000,0.08
50,35,1,3,50000,0.05,150000,0.08
50,36,1,3,50000,0.05,150000,0.08
50,37,1,3,50000,0.05,150000,0.08
50,38,1,3,50000,0.05,150000,0.08
50,39,1,3,50000,0.05,150000,0.08
50,40,1,3,50000,0.05,150000,0.08
50,41,1,3,50000,0.05,150000,0.08
50,42,1,3,50000,0.05,150000,0.08
50,43,1,3,50000,0.05,150000,0.08
50,44,1,3,50000,0.05,150000,0.08
50,45,1,3,50000,0.05,150000,0.08
50,46,1,3,50000,0.05,150000,0.08
50,47,1,3,50000,0.05,150000,0.08
50,48,1,3,50000,0.05,150000,0.08
50,49,1,3,50000,0.05,150000,0.08
50,50,1,3,50000,0.05,150000,0.08
50,1,1,3,50000,0.025,150000,0.52
50,2,1,3,50000,0.025,150000,0.386667
50,3,1,3,50000,0.025,150000,0.253333
50,4,1,3,50000,0.025,150000,0.213333
50,5,1,3,50000,0.025,150000,0.173333
50,6,1,3,50000,0.025,150000,0.173333
50,7,1,3,50000,0.025,150000,0.16
50,8,1,3,50000,0.025,150000,0.16
50,9,1,3,50000,0.025,150000,0.16
50,10,1,3,50000,0.025,150000,0.16
50,11,1,3,50000,0.025,150000,0.16
50,12,1,3,50000,0.025,150000,0.16
50,13,1,3,50000,0.025,150000,0.16
50,14,1,3,50000,0.025,150000,0.16
50,15,1,3,50000,0.025,150000,0.16
50,16,1,3,50000,0.025,150000,0.16
50,17,1,3,50000,0.025,150000,0.16
50,18,1,3,50000,0.025,150000,0.16
50,19,1,3,50000,0.025,150000,0.16
50,20,1,3,50000,0.025,150000,0.16
50,21,1,3,50000,0.025,150000,0.16
50,22,1,3,50000,0.025,150000,0.16
50,23,1,3,50000,0.025,150000,0.16
50,24,1,3,50000,0.025,150000,0.16
50,25,1,3,50000,0.025,150000,0.16
50,26,1,3,50000,0.025,150000,0.16
50,27,1,3,50000,0.025,150000,0.16
50,28,1,3,50000,0.025,150000,0.16
50,29,1,3,50000,0.025,150000,0.16
50,30,1,3,50000,0.025,150000,0.16
50,31,1,3,50000,0.025,150000,0.16
50,32,1,3,50000,0.025,150000,0.16
50,33,1,3,50000,0.025,150000,0.16
50,34,1,3,50000,0.025,150000,0.16
50,35,1,3,50000,0.025,150000,0.16
50,36,1,3,50000,0.025,150000,0.16
50,37,1,3,50000,0.025,150000,0.16
50,38,1,3,50000,0.025,150000,0.16
50,39,1,3,50000,0.025,150000,0.16
50,40,1,3,50000,0.025,150000,0.16
50,41,1,3,50000,0.025,150000,0.16
50,42,1,3,50000,0.025,150000,0.16
50,43,1,3,50000,0.025,150000,0.16
50,44,1,3,50000,0.025,150000,0.16
50,45,1,3,50000,0.025,150000,0.16
50,46,1,3,50000,0.025,150000,0.16
50,47,1,3,50000,0.025,150000,0.16
50,48,1,3,50000,0.025,150000,0.16
50,49,1,3,50000,0.025,150000,0.16
50,50,1,3,50000,0.025,150000,0.16
50,1,1,3,50000,0.01,150000,0.506667
50,2,1,3,50000,0.01,150000,0.5
50,3,1,3,50000,0.01,150000,0.393333
50,4,1,3,50000,0.01,150000,0.38
50,5,1,3,50000,0.01,150000,0.393333
50,6,1,3,50000,0.01,150000,0.386667
50,7,1,3,50000,0.01,150000,0.346667
50,8,1,3,50000,0.01,150000,0.36
50,9,1,3,50000,0.01,150000,0.346667
50,10,1,3,50000,0.01,150000,0.4
50,11,1,3,50000,0.01,150000,0.36
50,12,1,3,50000,0.01,150000,0.34
50,13,1,3,50000,0.01,150000,0.346667
50,14,1,3,50000,0.01,150000,0.4
50,15,1,3,50000,0.01,150000,0.353333
50,16,1,3,50000,0.01,150000,0.36
50,17,1,3,50000,0.01,150000,0.393333
50,18,1,3,50000,0.01,150000,0.406667
50,19,1,3,50000,0.01,150000,0.353333
50,20,1,3,50000,0.01,150000,0.386667
50,21,1,3,50000,0.01,150000,0.366667
50,22,1,3,50000,0.01,150000,0.38
50,23,1,3,50000,0.01,150000,0.393333
50,24,1,3,50000,0.01,150000,0.393333
50,25,1,3,50000,0.01,150000,0.36
50,26,1,3,50000,0.01,150000,0.42
50,27,1,3,50000,0.01,150000,0.353333
50,28,1,3,50000,0.01,150000,0.32
50,29,1,3,50000,0.01,150000,0.4
50,30,1,3,50000,0.01,150000,0.366667
50,31,1,3,50000,0.01,150000,0.373333
50,32,1,3,50000,0.01,150000,0.36
50,33,1,3,50000,0.01,150000,0.373333
50,34,1,3,50000,0.01,150000,0.38
50,35,1,3,50000,0.01,150000,0.366667
50,36,1,3,50000,0.01,150000,0.366667
50,37,1,3,50000,0.01,150000,0.373333
50,38,1,3,50000,0.01,150000,0.366667
50,39,1,3,50000,0.01,150000,0.373333
50,40,1,3,50000,0.01,150000,0.38
50,41,1,3,50000,0.01,150000,0.406667
50,42,1,3,50000,0.01,150000,0.366667
50,43,1,3,50000,0.01,150000,0.386667
50,44,1,3,50000,0.01,150000,0.373333
50,45,1,3,50000,0.01,150000,0.353333
50,46,1,3,50000,0.01,150000,0.386667
50,47,1,3,50000,0.01,150000,0.393333
50,48,1,3,50000,0.01,150000,0.406667
50,49,1,3,50000,0.01,150000,0.386667
50,50,1,3,50000,0.01,150000,0.38
50,1,1,3,50000,0.1,150000,0.526667
50,2,1,3,50000,0.1,150000,0.506667
50,3,1,3,50000,0.1,150000,0.406667
50,4,1,3,50000,0.1,150000,0.293333
50,5,1,3,50000,0.1,150000,0.366667
50,6,1,3,50000,0.1,150000,0.246667
50,7,1,3,50000,0.1,150000,0.213333
50,8,1,3,50000,0.1,150000,0.206667
50,9,1,3,50000,0.1,150000,0.253333
50,10,1,3,50000,0.1,150000,0.226667
50,11,1,3,50000,0.1,150000,0.18
50,12,1,3,50000,0.1,150000,0.153333
50,13,1,3,50000,0.1,150000,0.133333
50,14,1,3,50000,0.1,150000,0.1
50,15,1,3,50000,0.1,150000,0.0866667
50,16,1,3,50000,0.1,150000,0.0666667
50,17,1,3,50000,0.1,150000,0.0733333
50,18,1,3,50000,0.1,150000,0.0866667
50,19,1,3,50000,0.1,150000,0.106667
50,20,1,3,50000,0.1,150000,0.0733333
50,21,1,3,50000,0.1,150000,0.06
50,22,1,3,50000,0.1,150000,0.0466667
50,23,1,3,50000,0.1,150000,0.0466667
50,24,1,3,50000,0.1,150000,0.04
50,25,1,3,50000,0.1,150000,0.0466667
50,26,1,3,50000,0.1,150000,0.04
50,27,1,3,50000,0.1,150000,0.04
50,28,1,3,50000,0.1,150000,0.04
50,29,1,3,50000,0.1,150000,0.04
50,30,1,3,50000,0.1,150000,0.04
50,31,1,3,50000,0.1,150000,0.04
50,32,1,3,50000,0.1,150000,0.04
50,33,1,3,50000,0.1,150000,0.04
50,34,1,3,50000,0.1,150000,0.04
50,35,1,3,50000,0.1,150000,0.04
50,36,1,3,50000,0.1,150000,0.04
50,37,1,3,50000,0.1,150000,0.04
50,38,1,3,50000,0.1,150000,0.04
50,39,1,3,50000,0.1,150000,0.04
50,40,1,3,50000,0.1,150000,0.04
50,41,1,3,50000,0.1,150000,0.04
50,42,1,3,50000,0.1,150000,0.04
50,43,1,3,50000,0.1,150000,0.04
50,44,1,3,50000,0.1,150000,0.04
50,45,1,3,50000,0.1,150000,0.04
50,46,1,3,50000,0.1,150000,0.04
50,47,1,3,50000,0.1,150000,0.04
50,48,1,3,50000,0.1,150000,0.04
50,49,1,3,50000,0.1,150000,0.04
50,50,1,3,50000,0.1,150000,0.04
50,1,1,3,50000,0.2,150000,0.486667
50,2,1,3,50000,0.2,150000,0.426667
50,3,1,3,50000,0.2,150000,0.44
50,4,1,3,50000,0.2,150000,0.42
50,5,1,3,50000,0.2,150000,0.386667
50,6,1,3,50000,0.2,150000,0.426667
50,7,1,3,50000,0.2,150000,0.413333
50,8,1,3,50000,0.2,150000,0.306667
50,9,1,3,50000,0.2,150000,0.386667
50,10,1,3,50000,0.2,150000,0.38
50,11,1,3,50000,0.2,150000,0.213333
50,12,1,3,50000,0.2,150000,0.286667
50,13,1,3,50000,0.2,150000,0.193333
50,14,1,3,50000,0.2,150000,0.213333
50,15,1,3,50000,0.2,150000,0.22
50,16,1,3,50000,0.2,150000,0.2
50,17,1,3,50000,0.2,150000,0.193333
50,18,1,3,50000,0.2,150000,0.14
50,19,1,3,50000,0.2,150000,0.18
50,20,1,3,50000,0.2,150000,0.153333
50,21,1,3,50000,0.2,150000,0.126667
50,22,1,3,50000,0.2,150000,0.133333
50,23,1,3,50000,0.2,150000,0.133333
50,24,1,3,50000,0.2,150000,0.146667
50,25,1,3,50000,0.2,150000,0.1
50,26,1,3,50000,0.2,150000,0.146667
50,27,1,3,50000,0.2,150000,0.06
50,28,1,3,50000,0.2,150000,0.0933333
50,29,1,3,50000,0.2,150000,0.106667
50,30,1,3,50000,0.2,150000,0.06
50,31,1,3,50000,0.2,150000,0.0933333
50,32,1,3,50000,0.2,150000,0.0933333
50,33,1,3,50000,0.2,150000,0.0866667
50,34,1,3,50000,0.2,150000,0.0533333
50,35,1,3,50000,0.2,150000,0.0533333
50,36,1,3,50000,0.2,150000,0.0466667
50,37,1,3,50000,0.2,150000,0.06
50,38,1,3,50000,0.2,150000,0.06
50,39,1,3,50000,0.2,150000,0.0133333
50,40,1,3,50000,0.2,150000,0.0466667
50,41,1,3,50000,0.2,150000,0.0666667
50,42,1,3,50000,0.2,150000,0.04
50,43,1,3,50000,0.2,150000,0.0266667
50,44,1,3,50000,0.2,150000,0.02
50,45,1,3,50000,0.2,150000,0
50,46,1,3,50000,0.2,150000,0.0333333
50,47,1,3,50000,0.2,150000,0.0333333
50,48,1,3,50000,0.2,150000,0.02
50,49,1,3,50000,0.2,150000,0.0133333
50,50,1,3,50000,0.2,150000,0.00666667
50,1,1,3,50000,0.3,150000,0.466667
50,2,1,3,50000,0.3,150000,0.52
50,3,1,3,50000,0.3,150000,0.406667
50,4,1,3,50000,0.3,150000,0.453333
50,5,1,3,50000,0.3,150000,0.48
50,6,1,3,50000,0.3,150000,0.433333
50,7,1,3,50000,0.3,150000,0.46
50,8,1,3,50000,0.3,150000,0.406667
50,9,1,3,50000,0.3,150000,0.4
50,10,1,3,50000,0.3,150000,0.38
50,11,1,3,50000,0.3,150000,0.366667
50,12,1,3,50000,0.3,150000,0.44
50,13,1,3,50000,0.3,150000,0.366667
50,14,1,3,50000,0.3,150000,0.32
50,15,1,3,50000,0.3,150000,0.353333
50,16,1,3,50000,0.3,150000,0.24
50,17,1,3,50000,0.3,150000,0.306667
50,18,1,3,50000,0.3,150000,0.293333
50,19,1,3,50000,0.3,150000,0.253333
50,20,1,3,50000,0.3,150000,0.28
50,21,1,3,50000,0.3,150000,0.2
50,22,1,3,50000,0.3,150000,0.26
50,23,1,3,50000,0.3,150000,0.206667
50,24,1,3,50000,0.3,150000,0.2
50,25,1,3,50000,0.3,150000,0.206667
50,26,1,3,50000,0.3,150000,0.26
50,27,1,3,50000,0.3,150000,0.166667
50,28,1,3,50000,0.3,150000,0.246667
50,29,1,3,50000,0.3,150000,0.173333
50,30,1,3,50000,0.3,150000,0.133333
50,31,1,3,50000,0.3,150000,0.1
50,32,1,3,50000,0.3,150000,0.193333
50,33,1,3,50000,0.3,150000,0.14
50,34,1,3,50000,0.3,150000,0.146667
50,35,1,3,50000,0.3,150000,0.1
50,36,1,3,50000,0.3,150000,0.133333
50,37,1,3,50000,0.3,150000,0.14
50,38,1,3,50000,0.3,150000,0.08
50,39,1,3,50000,0.3,150000,0.153333
50,40,1,3,50000,0.3,150000,0.0733333
50,41,1,3,50000,0.3,150000,0.1
50,42,1,3,50000,0.3,150000,0.113333
50,43,1,3,50000,0.3,150000,0.153333
50,44,1,3,50000,0.3,150000,0.06
50,45,1,3,50000,0.3,150000,0.0733333
50,46,1,3,50000,0.3,150000,0.1
50,47,1,3,50000,0.3,150000,0.106667
50,48,1,3,50000,0.3,150000,0.0933333
50,49,1,3,50000,0.3,150000,0.12
50,50,1,3,50000,0.3,150000,0.06
50,1,1,3,50000,0.4,150000,0.4
50,2,1,3,50000,0.4,150000,0.426667
50,3,1,3,50000,0.4,150000,0.453333
50,4,1,3,50000,0.4,150000,0.513333
50,5,1,3,50000,0.4,150000,0.42
50,6,1,3,50000,0.4,150000,0.426667
50,7,1,3,50000,0.4,150000,0.413333
50,8,1,3,50000,0.4,150000,0.426667
50,9,1,3,50000,0.4,150000,0.4
50,10,1,3,50000,0.4,150000,0.413333
50,11,1,3,50000,0.4,150000,0.326667
50,12,1,3,50000,0.4,150000,0.4
50,13,1,3,50000,0.4,150000,0.346667
50,14,1,3,50000,0.4,150000,0.426667
50,15,1,3,50000,0.4,150000,0.353333
50,16,1,3,50000,0.4,150000,0.366667
50,17,1,3,50000,0.4,150000,0.386667
50,18,1,3,50000,0.4,150000,0.313333
50,19,1,3,50000,0.4,150000,0.333333
50,20,1,3,50000,0.4,150000,0.326667
50,21,1,3,50000,0.4,150000,0.28
50,22,1,3,50000,0.4,150000,0.3
50,23,1,3,50000,0.4,150000,0.326667
50,24,1,3,50000,0.4,150000,0.306667
50,25,1,3,50000,0.4,150000,0.273333
50,26,1,3,50000,0.4,150000,0.306667
50,27,1,3,50000,0.4,150000,0.3
50,28,1,3,50000,0.4,150000,0.293333
50,29,1,3,50000,0.4,150000,0.266667
50,30,1,3,50000,0.4,150000,0.346667
50,31,1,3,50000,0.4,150000,0.273333
50,32,1,3,50000,0.4,150000,0.226667
50,33,1,3,50000,0.4,150000,0.24
50,34,1,3,50000,0.4,150000,0.246667
50,35,1,3,50000,0.4,150000,0.22
50,36,1,3,50000,0.4,150000,0.226667
50,37,1,3,50000,0.4,150000,0.24
50,38,1,3,50000,0.4,150000,0.266667
50,39,1,3,50000,0.4,150000,0.22
50,40,1,3,50000,0.4,150000,0.253333
50,41,1,3,50000,0.4,150000,0.22
50,42,1,3,50000,0.4,150000,0.22
50,43,1,3,50000,0.4,150000,0.186667
50,44,1,3,50000,0.4,150000,0.146667
50,45,1,3,50000,0.4,150000,0.153333
50,46,1,3,50000,0.4,150000,0.106667
50,47,1,3,50000,0.4,150000,0.14
50,48,1,3,50000,0.4,150000,0.18
50,49,1,3,50000,0.4,150000,0.173333
50,50,1,3,50000,0.4,150000,0.16
50,1,1,3,50000,0.5,150000,0.533333
50,2,1,3,50000,0.5,150000,0.393333
50,3,1,3,50000,0.5,150000,0.48
50,4,1,3,50000,0.5,150000,0.413333
50,5,1,3,50000,0.5,150000,0.366667
50,6,1,3,50000,0.5,150000,0.413333
50,7,1,3,50000,0.5,150000,0.36
50,8,1,3,50000,0.5,150000,0.44
50,9,1,3,50000,0.5,150000,0.373333
50,10,1,3,50000,0.5,150000,0.42
50,11,1,3,50000,0.5,150000,0.38
50,12,1,3,50000,0.5,150000,0.393333
50,13,1,3,50000,0.5,150000,0.373333
50,14,1,3,50000,0.5,150000,0.34
50,15,1,3,50000,0.5,150000,0.293333
50,16,1,3,50000,0.5,150000,0.42
50,17,1,3,50000,0.5,150000,0.346667
50,18,1,3,50000,0.5,150000,0.326667
50,19,1,3,50000,0.5,150000,0.32
50,20,1,3,50000,0.5,150000,0.333333
50,21,1,3,50000,0.5,150000,0.293333
50,22,1,3,50000,0.5,150000,0.406667
50,23,1,3,50000,0.5,150000,0.32
50,24,1,3,50000,0.5,150000,0.333333
50,25,1,3,50000,0.5,150000,0.293333
50,26,1,3,50000,0.5,150000,0.326667
50,27,1,3,50000,0.5,150000,0.306667
50,28,1,3,50000,0.5,150000,0.346667
50,29,1,3,50000,0.5,150000,0.266667
50,30,1,3,50000,0.5,150000,0.253333
50,31,1,3,50000,0.5,150000,0.313333
50,32,1,3,50000,0.5,150000,0.253333
50,33,1,3,50000,0.5,150000,0.273333
50,34,1,3,50000,0.5,150000,0.22
50,35,1,3,50000,0.5,150000,0.353333
50,36,1,3,50000,0.5,150000,0.213333
50,37,1,3,50000,0.5,150000,0.226667
50,38,1,3,50000,0.5,150000,0.273333
50,39,1,3,50000,0.5,150000,0.233333
50,40,1,3,50000,0.5,150000,0.206667
50,41,1,3,50000,0.5,150000,0.22
50,42,1,3,50000,0.5,150000,0.24
50,43,1,3,50000,0.5,150000,0.193333
50,44,1,3,50000,0.5,150000,0.193333
50,45,1,3,50000,0.5,150000,0.22
50,46,1,3,50000,0.5,150000,0.213333
50,47,1,3,50000,0.5,150000,0.193333
50,48,1,3,50000,0.5,150000,0.173333
50,49,1,3,50000,0.5,150000,0.213333
50,50,1,3,50000,0.5,150000,0.166667
50,1,1,3,50000,0.6,150000,0.36
50,2,1,3,50000,0.6,150000,0.373333
50,3,1,3,50000,0.6,150000,0.42
50,4,1,3,50000,0.6,150000,0.353333
50,5,1,3,50000,0.6,150000,0.42
50,6,1,3,50000,0.6,150000,0.366667
50,7,1,3,50000,0.6,150000,0.406667
50,8,1,3,50000,0.6,150000,0.4
50,9,1,3,50000,0.6,150000,0.386667
50,10,1,3,50000,0.6,150000,0.38
50,11,1,3,50000,0.6,150000,0.386667
50,12,1,3,50000,0.6,150000,0.373333
50,13,1,3,50000,0.6,150000,0.346667
50,14,1,3,50000,0.6,150000,0.353333
50,15,1,3,50000,0.6,150000,0.38
50,16,1,3,50000,0.6,150000,0.346667
50,17,1,3,50000,0.6,150000,0.373333
50,18,1,3,50000,0.6,150000,0.38
50,19,1,3,50000,0.6,150000,0.406667
50,20,1,3,50000,0.6,150000,0.326667
50,21,1,3,50000,0.6,150000,0.393333
50,22,1,3,50000,0.6,150000,0.373333
50,23,1,3,50000,0.6,150000,0.34
50,24,1,3,50000,0.6,150000,0.36
50,25,1,3,50000,0.6,150000,0.333333
50,26,1,3,50000,0.6,150000,0.3
50,27,1,3,50000,0.6,150000,0.32
50,28,1,3,50000,0.6,150000,0.38
50,29,1,3,50000,0.6,150000,0.3
50,30,1,3,50000,0.6,150000,0.313333
50,31,1,3,50000,0.6,150000,0.386667
50,32,1,3,50000,0.6,150000,0.293333
50,33,1,3,50000,0.6,150000,0.3
50,34,1,3,50000,0.6,150000,0.353333
50,35,1,3,50000,0.6,150000,0.32
50,36,1,3,50000,0.6,150000,0.293333
50,37,1,3,50000,0.6,150000,0.28
50,38,1,3,50000,0.6,150000,0.28
50,39,1,3,50000,0.6,150000,0.22
50,40,1,3,50000,0.6,150000,0.273333
50,41,1,3,50000,0.6,150000,0.266667
50,42,1,3,50000,0.6,150000,0.26
50,43,1,3,50000,0.6,150000,0.226667
50,44,1,3,50000,0.6,150000,0.24
50,45,1,3,50000,0.6,150000,0.326667
50,46,1,3,50000,0.6,150000,0.213333
50,47,1,3,50000,0.6,150000,0.293333
50,48,1,3,50000,0.6,150000,0.213333
50,49,1,3,50000,0.6,150000,0.233333
50,50,1,3,50000,0.6,150000,0.286667
50,1,1,3,50000,0.7,150000,0.433333
50,2,1,3,50000,0.7,150000,0.393333
50,3,1,3,50000,0.7,150000,0.44
50,4,1,3,50000,0.7,150000,0.413333
50,5,1,3,50000,0.7,150000,0.413333
50,6,1,3,50000,0.7,150000,0.393333
50,7,1,3,50000,0.7,150000,0.36
50,8,1,3,50000,0.7,150000,0.433333
50,9,1,3,50000,0.7,150000,0.386667
50,10,1,3,50000,0.7,150000,0.32
50,11,1,3,50000,0.7,150000,0.406667
50,12,1,3,50000,0.7,150000,0.306667
50,13,1,3,50000,0.7,150000,0.346667
50,14,1,3,50000,0.7,150000,0.293333
50,15,1,3,50000,0.7,150000,0.326667
50,16,1,3,50000,0.7,150000,0.353333
50,17,1,3,50000,0.7,150000,0.34
50,18,1,3,50000,0.7,150000,0.373333
50,19,1,3,50000,0.7,150000,0.293333
50,20,1,3,50000,0.7,150000,0.306667
50,21,1,3,50000,0.7,150000,0.353333
50,22,1,3,50000,0.7,150000,0.326667
50,23,1,3,50000,0.7,150000,0.3
50,24,1,3,50000,0.7,150000,0.286667
50,25,1,3,50000,0.7,150000,0.353333
50,26,1,3,50000,0.7,150000,0.32
50,27,1,3,50000,0.7,150000,0.32
50,28,1,3,50000,0.7,150000,0.4
50,29,1,3,50000,0.7,150000,0.313333
50,30,1,3,50000,0.7,150000,0.28
50,31,1,3,50000,0.7,150000,0.333333
50,32,1,3,50000,0.7,150000,0.373333
50,33,1,3,50000,0.7,150000,0.293333
50,34,1,3,50000,0.7,150000,0.266667
50,35,1,3,50000,0.7,150000,0.266667
50,36,1,3,50000,0.7,150000,0.266667
50,37,1,3,50000,0.7,150000,0.34
50,38,1,3,50000,0.7,150000,0.266667
50,39,1,3,50000,0.7,150000,0.306667
50,40,1,3,50000,0.7,150000,0.36
50,41,1,3,50000,0.7,150000,0.3
50,42,1,3,50000,0.7,150000,0.24
50,43,1,3,50000,0.7,150000,0.306667
50,44,1,3,50000,0.7,150000,0.306667
50,45,1,3,50000,0.7,150000,0.266667
50,46,1,3,50000,0.7,150000,0.313333
50,47,1,3,50000,0.7,150000,0.333333
50,48,1,3,50000,0.7,150000,0.246667
50,49,1,3,50000,0.7,150000,0.246667
50,50,1,3,50000,0.7,150000,0.253333
50,1,1,3,50000,0.01,150000,0.606667
50,2,1,3,50000,0.01,150000,0.44
50,3,1,3,50000,0.01,150000,0.446667
50,4,1,3,50000,0.01,150000,0.38
50,5,1,3,50000,0.01,150000,0.386667
50,6,1,3,50000,0.01,150000,0.4
50,7,1,3,50000,0.01,150000,0.373333
50,8,1,3,50000,0.01,150000,0.38
50,9,1,3,50000,0.01,150000,0.42
50,10,1,3,50000,0.01,150000,0.373333
50,11,1,3,50000,0.01,150000,0.346667
50,12,1,3,50000,0.01,150000,0.366667
50,13,1,3,50000,0.01,150000,0.366667
50,14,1,3,50000,0.01,150000,0.353333
50,15,1,3,50000,0.01,150000,0.38
50,16,1,3,50000,0.01,150000,0.4
50,17,1,3,50000,0.01,150000,0.38
50,18,1,3,50000,0.01,150000,0.373333
50,19,1,3,50000,0.01,150000,0.36
50,20,1,3,50000,0.01,150000,0.36
50,21,1,3,50000,0.01,150000,0.36
50,22,1,3,50000,0.01,150000,0.353333
50,23,1,3,50000,0.01,150000,0.366667
50,24,1,3,50000,0.01,150000,0.366667
50,25,1,3,50000,0.01,150000,0.42
50,26,1,3,50000,0.01,150000,0.386667
50,27,1,3,50000,0.01,150000,0.413333
50,28,1,3,50000,0.01,150000,0.386667
50,29,1,3,50000,0.01,150000,0.373333
50,30,1,3,50000,0.01,150000,0.413333
50,31,1,3,50000,0.01,150000,0.393333
50,32,1,3,50000,0.01,150000,0.333333
50,33,1,3,50000,0.01,150000,0.36
50,34,1,3,50000,0.01,150000,0.393333
50,35,1,3,50000,0.01,150000,0.353333
50,36,1,3,50000,0.01,150000,0.36
50,37,1,3,50000,0.01,150000,0.346667
50,38,1,3,50000,0.01,150000,0.366667
50,39,1,3,50000,0.01,150000,0.353333
50,40,1,3,50000,0.01,150000,0.373333
50,41,1,3,50000,0.01,150000,0.366667
50,42,1,3,50000,0.01,150000,0.393333
50,43,1,3,50000,0.01,150000,0.393333
50,44,1,3,50000,0.01,150000,0.406667
50,45,1,3,50000,0.01,150000,0.36
50,46,1,3,50000,0.01,150000,0.386667
50,47,1,3,50000,0.01,150000,0.373333
50,48,1,3,50000,0.01,150000,0.38
50,49,1,3,50000,0.01,150000,0.386667
50,50,1,3,50000,0.01,150000,0.38
