50,50,1,3,50000,0.05,150000,0.08
50,55,1,3,50000,0.05,150000,0.08
50,60,1,3,50000,0.05,150000,0.08
50,65,1,3,50000,0.05,150000,0.08
50,70,1,3,50000,0.05,150000,0.08
50,75,1,3,50000,0.05,150000,0.08
50,80,1,3,50000,0.05,150000,0.08
50,85,1,3,50000,0.05,150000,0.08
50,90,1,3,50000,0.05,150000,0.08
50,95,1,3,50000,0.05,150000,0.08
50,100,1,3,50000,0.05,150000,0.08
50,50,1,3,50000,0.1,150000,0.04
50,55,1,3,50000,0.1,150000,0.04
50,60,1,3,50000,0.1,150000,0.04
50,65,1,3,50000,0.1,150000,0.04
50,70,1,3,50000,0.1,150000,0.04
50,75,1,3,50000,0.1,150000,0.04
50,80,1,3,50000,0.1,150000,0.04
50,85,1,3,50000,0.1,150000,0.04
50,90,1,3,50000,0.1,150000,0.04
50,95,1,3,50000,0.1,150000,0.04
50,100,1,3,50000,0.1,150000,0.04
50,50,1,3,50000,0.25,150000,0.00666667
50,55,1,3,50000,0.25,150000,0.0333333
50,60,1,3,50000,0.25,150000,0.0266667
50,65,1,3,50000,0.25,150000,0.02
50,70,1,3,50000,0.25,150000,0.0133333
50,75,1,3,50000,0.25,150000,0
50,80,1,3,50000,0.25,150000,0
50,85,1,3,50000,0.25,150000,0
50,90,1,3,50000,0.25,150000,0
50,95,1,3,50000,0.25,150000,0
50,100,1,3,50000,0.25,150000,0
50,50,1,3,50000,0.5,150000,0.213333
50,55,1,3,50000,0.5,150000,0.12
50,60,1,3,50000,0.5,150000,0.18
50,65,1,3,50000,0.5,150000,0.14
50,70,1,3,50000,0.5,150000,0.106667
50,75,1,3,50000,0.5,150000,0.113333
50,80,1,3,50000,0.5,150000,0.0666667
50,85,1,3,50000,0.5,150000,0.0933333
50,90,1,3,50000,0.5,150000,0.106667
50,95,1,3,50000,0.5,150000,0.08
50,100,1,3,50000,0.5,150000,0.0666667
50,50,1,3,50000,0.75,150000,0.266667
50,55,1,3,50000,0.75,150000,0.293333
50,60,1,3,50000,0.75,150000,0.246667
50,65,1,3,50000,0.75,150000,0.233333
50,70,1,3,50000,0.75,150000,0.246667
50,75,1,3,50000,0.75,150000,0.28
50,80,1,3,50000,0.75,150000,0.273333
50,85,1,3,50000,0.75,150000,0.2
50,90,1,3,50000,0.75,150000,0.226667
50,95,1,3,50000,0.75,150000,0.246667
50,100,1,3,50000,0.75,150000,0.186667
50,50,1,3,50000,0.9,150000,0.233333
50,55,1,3,50000,0.9,150000,0.26
50,60,1,3,50000,0.9,150000,0.246667
50,65,1,3,50000,0.9,150000,0.26
50,70,1,3,50000,0.9,150000,0.24
50,75,1,3,50000,0.9,150000,0.22
50,80,1,3,50000,0.9,150000,0.28
50,85,1,3,50000,0.9,150000,0.273333
50,90,1,3,50000,0.9,150000,0.206667
50,95,1,3,50000,0.9,150000,0.293333
50,100,1,3,50000,0.9,150000,0.22
50,50,1,3,50000,0.95,150000,0.22
50,55,1,3,50000,0.95,150000,0.213333
50,60,1,3,50000,0.95,150000,0.286667
50,65,1,3,50000,0.95,150000,0.233333
50,70,1,3,50000,0.95,150000,0.326667
50,75,1,3,50000,0.95,150000,0.226667
50,80,1,3,50000,0.95,150000,0.186667
50,85,1,3,50000,0.95,150000,0.2
50,90,1,3,50000,0.95,150000,0.233333
50,95,1,3,50000,0.95,150000,0.186667
50,100,1,3,50000,0.95,150000,0.206667
