; attack sim
; 3 trials
; 150000 samples/trial
; obfuscation freq table unknown
; 50 vocab
; no obfsucations

50,0,1,3,50000,0,150000,0.486667
50,0,3,3,50000,0,150000,0.362222
50,0,5,3,50000,0,150000,0.284
50,0,7,3,50000,0,150000,0.273333
50,0,9,3,50000,0,150000,0.246667
50,0,11,3,50000,0,150000,0.22
50,0,1,3,50000,0,150000,0.48
50,0,3,3,50000,0,150000,0.337778
50,0,5,3,50000,0,150000,0.302667
50,0,7,3,50000,0,150000,0.247619
50,0,9,3,50000,0,150000,0.26963
50,0,11,3,50000,0,150000,0.229091
50,0,2,3,50000,0,150000,0.426667
50,0,4,3,50000,0,150000,0.311667
50,0,6,3,50000,0,150000,0.275556
50,0,8,3,50000,0,150000,0.256667
50,0,10,3,50000,0,150000,0.226
50,0,12,3,50000,0,150000,0.215
50,0,2,3,50000,0,150000,0.433333
50,0,4,3,50000,0,150000,0.321667
50,0,6,3,50000,0,150000,0.274444
50,0,8,3,50000,0,150000,0.26
50,0,10,3,50000,0,150000,0.248
50,0,12,3,50000,0,150000,0.218889
50,0,1,3,50000,0,150000,0.506667
50,0,3,3,50000,0,150000,0.388889
50,0,5,3,50000,0,150000,0.296
50,0,7,3,50000,0,150000,0.265714
50,0,9,3,50000,0,150000,0.251852
50,0,11,3,50000,0,150000,0.208485
50,0,1,3,50000,0,150000,0.52
50,0,3,3,50000,0,150000,0.351111
50,0,5,3,50000,0,150000,0.332
50,0,7,3,50000,0,150000,0.267619
50,0,9,3,50000,0,150000,0.251111
50,0,11,3,50000,0,150000,0.222424
50,0,2,3,50000,0,150000,0.426667
50,0,4,3,50000,0,150000,0.328333
50,0,6,3,50000,0,150000,0.284444
50,0,8,3,50000,0,150000,0.2525
50,0,10,3,50000,0,150000,0.227333
50,0,12,3,50000,0,150000,0.215
50,0,2,3,50000,0,150000,0.423333
50,0,4,3,50000,0,150000,0.343333
50,0,6,3,50000,0,150000,0.28
50,0,8,3,50000,0,150000,0.25
50,0,10,3,50000,0,150000,0.245333
50,0,12,3,50000,0,150000,0.225
50,0,13,3,50000,0,150000,0.209231
50,0,18,3,50000,0,150000,0.194444
50,0,23,3,50000,0,150000,0.166087
50,0,28,3,50000,0,150000,0.15619
50,0,1,3,50000,0,150000,0.493333
50,0,2,3,50000,0,150000,0.426667
50,0,3,3,50000,0,150000,0.348889
50,0,4,3,50000,0,150000,0.301667
50,0,5,3,50000,0,150000,0.288
50,0,6,3,50000,0,150000,0.277778
50,0,7,3,50000,0,150000,0.264762
50,0,8,3,50000,0,150000,0.24
50,0,1,3,50000,0,150000,0.54
50,0,2,3,50000,0,150000,0.406667
50,0,3,3,50000,0,150000,0.364444
50,0,4,3,50000,0,150000,0.311667
50,0,5,3,50000,0,150000,0.292
50,0,6,3,50000,0,150000,0.288889
50,0,7,3,50000,0,150000,0.295238
50,0,8,3,50000,0,150000,0.259167
50,0,1,5,50000,0,150000,0.448
50,0,2,5,50000,0,150000,0.384
50,0,3,5,50000,0,150000,0.325333
50,0,4,5,50000,0,150000,0.335
50,0,5,5,50000,0,150000,0.3064
50,0,6,5,50000,0,150000,0.283333
50,0,7,5,50000,0,150000,0.271429
50,0,8,5,50000,0,150000,0.244
50,0,9,5,50000,0,150000,0.246667
50,0,10,5,50000,0,150000,0.2272
50,0,11,5,50000,0,150000,0.212727
50,0,12,5,50000,0,150000,0.216
50,0,13,5,50000,0,150000,0.217538
50,0,14,5,50000,0,150000,0.199714
50,0,15,5,50000,0,150000,0.1912
50,0,16,5,50000,0,150000,0.18825
50,0,1,5,50000,0,150000,0.496
50,0,2,5,50000,0,150000,0.44
50,0,3,5,50000,0,150000,0.36
50,0,4,5,50000,0,150000,0.32
50,0,5,5,50000,0,150000,0.3128
50,0,6,5,50000,0,150000,0.284667
50,0,7,5,50000,0,150000,0.277714
50,0,8,5,50000,0,150000,0.2665
50,0,9,5,50000,0,150000,0.240444
50,0,10,5,50000,0,150000,0.2352
50,0,11,5,50000,0,150000,0.226909
50,0,12,5,50000,0,150000,0.208
50,0,13,5,50000,0,150000,0.215385
50,0,14,5,50000,0,150000,0.198857
50,0,15,5,50000,0,150000,0.207467
50,0,16,5,50000,0,150000,0.193
50,0,1,5,50000,0,150000,0.528
50,0,2,5,50000,0,150000,0.444
50,0,3,5,50000,0,150000,0.358667
50,0,4,5,50000,0,150000,0.326
50,0,5,5,50000,0,150000,0.308
50,0,6,5,50000,0,150000,0.291333
50,0,7,5,50000,0,150000,0.254857
50,0,8,5,50000,0,150000,0.253
50,0,9,5,50000,0,150000,0.252
50,0,10,5,50000,0,150000,0.2224
50,0,11,5,50000,0,150000,0.228727
50,0,12,5,50000,0,150000,0.227333
50,0,13,5,50000,0,150000,0.220308
50,0,14,5,50000,0,150000,0.209143
50,0,15,5,50000,0,150000,0.203733
50,0,16,5,50000,0,150000,0.19075
50,0,1,10,50000,0,150000,0.544
50,0,2,10,50000,0,150000,0.436
50,0,3,10,50000,0,150000,0.353333
50,0,4,10,50000,0,150000,0.3155
50,0,5,10,50000,0,150000,0.2944
50,0,6,10,50000,0,150000,0.282667
50,0,7,10,50000,0,150000,0.268857
50,0,8,10,50000,0,150000,0.2535
50,0,9,10,50000,0,150000,0.246889
50,0,10,10,50000,0,150000,0.2292
50,0,1,10,50000,0,150000,0.542
50,0,2,10,50000,0,150000,0.406
50,0,3,10,50000,0,150000,0.376667
50,0,4,10,50000,0,150000,0.3315
50,0,5,10,50000,0,150000,0.2916
50,0,6,10,50000,0,150000,0.279333
50,0,7,10,50000,0,150000,0.264
50,0,8,10,50000,0,150000,0.25375
50,0,9,10,50000,0,150000,0.232
50,0,10,10,50000,0,150000,0.2316
50,0,1,10,50000,0,150000,0.534
50,0,2,10,50000,0,150000,0.393
50,0,3,10,50000,0,150000,0.38
50,0,4,10,50000,0,150000,0.3305
50,0,5,10,50000,0,150000,0.3088
50,0,6,10,50000,0,150000,0.280667
50,0,7,10,50000,0,150000,0.272286
50,0,8,10,50000,0,150000,0.24325
50,0,9,10,50000,0,150000,0.246889
50,0,10,10,50000,0,150000,0.23
50,0,1,10,50000,0,150000,0.508
50,0,2,10,50000,0,150000,0.389
50,0,3,10,50000,0,150000,0.365333
50,0,4,10,50000,0,150000,0.3165
50,0,5,10,50000,0,150000,0.3148
50,0,6,10,50000,0,150000,0.283333
50,0,7,10,50000,0,150000,0.269429
50,0,8,10,50000,0,150000,0.24775
50,0,9,10,50000,0,150000,0.245556
50,0,10,10,50000,0,150000,0.2342
50,0,1,3,1000,0,150000,0.206667
50,0,2,3,1000,0,150000,0.13
50,0,3,3,1000,0,150000,0.0888889
50,0,4,3,1000,0,150000,0.1
50,0,5,3,1000,0,150000,0.0933333
50,0,6,3,1000,0,150000,0.0911111
50,0,7,3,1000,0,150000,0.087619
50,0,8,3,1000,0,150000,0.0808333
50,0,9,3,1000,0,150000,0.0740741
50,0,10,3,1000,0,150000,0.0626667
50,0,11,3,1000,0,150000,0.0709091
50,0,12,3,1000,0,150000,0.0611111
50,0,13,3,1000,0,150000,0.0682051
50,0,14,3,1000,0,150000,0.0657143
50,0,15,3,1000,0,150000,0.0626667
50,0,16,3,1000,0,150000,0.0633333
50,0,1,3,2000,0,150000,0.193333
50,0,2,3,2000,0,150000,0.136667
50,0,3,3,2000,0,150000,0.142222
50,0,4,3,2000,0,150000,0.126667
50,0,5,3,2000,0,150000,0.108
50,0,6,3,2000,0,150000,0.11
50,0,7,3,2000,0,150000,0.0904762
50,0,8,3,2000,0,150000,0.1
50,0,9,3,2000,0,150000,0.097037
50,0,10,3,2000,0,150000,0.0886667
50,0,11,3,2000,0,150000,0.0975758
50,0,12,3,2000,0,150000,0.0844444
50,0,13,3,2000,0,150000,0.0830769
50,0,14,3,2000,0,150000,0.0866667
50,0,15,3,2000,0,150000,0.0773333
50,0,16,3,2000,0,150000,0.0766667
50,0,1,3,4000,0,150000,0.233333
50,0,2,3,4000,0,150000,0.196667
50,0,3,3,4000,0,150000,0.168889
50,0,4,3,4000,0,150000,0.156667
50,0,5,3,4000,0,150000,0.138667
50,0,6,3,4000,0,150000,0.137778
50,0,7,3,4000,0,150000,0.117143
50,0,8,3,4000,0,150000,0.128333
50,0,9,3,4000,0,150000,0.121481
50,0,10,3,4000,0,150000,0.106667
50,0,11,3,4000,0,150000,0.119394
50,0,12,3,4000,0,150000,0.0988889
50,0,13,3,4000,0,150000,0.110256
50,0,14,3,4000,0,150000,0.102857
50,0,15,3,4000,0,150000,0.0991111
50,0,16,3,4000,0,150000,0.0954167
50,0,1,3,8000,0,150000,0.313333
50,0,2,3,8000,0,150000,0.226667
50,0,3,3,8000,0,150000,0.231111
50,0,4,3,8000,0,150000,0.188333
50,0,5,3,8000,0,150000,0.169333
50,0,6,3,8000,0,150000,0.181111
50,0,7,3,8000,0,150000,0.140952
50,0,8,3,8000,0,150000,0.1475
50,0,9,3,8000,0,150000,0.145185
50,0,10,3,8000,0,150000,0.148
50,0,11,3,8000,0,150000,0.124848
50,0,12,3,8000,0,150000,0.132222
50,0,13,3,8000,0,150000,0.121026
50,0,14,3,8000,0,150000,0.122381
50,0,15,3,8000,0,150000,0.119556
50,0,16,3,8000,0,150000,0.11
50,0,1,3,16000,0,150000,0.38
50,0,2,3,16000,0,150000,0.3
50,0,3,3,16000,0,150000,0.244444
50,0,4,3,16000,0,150000,0.248333
50,0,5,3,16000,0,150000,0.228
50,0,6,3,16000,0,150000,0.185556
50,0,7,3,16000,0,150000,0.20381
50,0,8,3,16000,0,150000,0.189167
50,0,9,3,16000,0,150000,0.173333
50,0,10,3,16000,0,150000,0.173333
50,0,11,3,16000,0,150000,0.169697
50,0,12,3,16000,0,150000,0.145
50,0,13,3,16000,0,150000,0.156923
50,0,14,3,16000,0,150000,0.150476
50,0,15,3,16000,0,150000,0.132444
50,0,16,3,16000,0,150000,0.132083
50,0,1,3,32000,0,150000,0.446667
50,0,2,3,32000,0,150000,0.383333
50,0,3,3,32000,0,150000,0.306667
50,0,4,3,32000,0,150000,0.276667
50,0,5,3,32000,0,150000,0.274667
50,0,6,3,32000,0,150000,0.236667
50,0,7,3,32000,0,150000,0.229524
50,0,8,3,32000,0,150000,0.2175
50,0,9,3,32000,0,150000,0.199259
50,0,10,3,32000,0,150000,0.216
50,0,11,3,32000,0,150000,0.207273
50,0,12,3,32000,0,150000,0.191667
50,0,13,3,32000,0,150000,0.190256
50,0,14,3,32000,0,150000,0.186667
50,0,15,3,32000,0,150000,0.18
50,0,16,3,32000,0,150000,0.172083
50,0,1,3,64000,0,150000,0.52
50,0,2,3,64000,0,150000,0.423333
50,0,3,3,64000,0,150000,0.357778
50,0,4,3,64000,0,150000,0.35
50,0,5,3,64000,0,150000,0.338667
50,0,6,3,64000,0,150000,0.302222
50,0,7,3,64000,0,150000,0.29619
50,0,8,3,64000,0,150000,0.28
50,0,9,3,64000,0,150000,0.256296
50,0,10,3,64000,0,150000,0.250667
50,0,11,3,64000,0,150000,0.24
50,0,12,3,64000,0,150000,0.243333
50,0,13,3,64000,0,150000,0.227692
50,0,14,3,64000,0,150000,0.225714
50,0,15,3,64000,0,150000,0.212444
50,0,16,3,64000,0,150000,0.222083
50,0,1,3,128000,0,150000,0.653333
50,0,2,3,128000,0,150000,0.533333
50,0,3,3,128000,0,150000,0.473333
50,0,4,3,128000,0,150000,0.415
50,0,5,3,128000,0,150000,0.402667
50,0,6,3,128000,0,150000,0.38
50,0,7,3,128000,0,150000,0.354286
50,0,8,3,128000,0,150000,0.328333
50,0,9,3,128000,0,150000,0.315556
50,0,10,3,128000,0,150000,0.292667
50,0,11,3,128000,0,150000,0.294545
50,0,12,3,128000,0,150000,0.285
50,0,13,3,128000,0,150000,0.25641
50,0,14,3,128000,0,150000,0.270476
50,0,15,3,128000,0,150000,0.263556
50,0,16,3,128000,0,150000,0.25
50,0,1,3,256000,0,150000,0.786667
50,0,2,3,256000,0,150000,0.626667
50,0,3,3,256000,0,150000,0.537778
50,0,4,3,256000,0,150000,0.495
50,0,5,3,256000,0,150000,0.468
50,0,6,3,256000,0,150000,0.442222
50,0,7,3,256000,0,150000,0.421905
50,0,8,3,256000,0,150000,0.395833
50,0,9,3,256000,0,150000,0.371111
50,0,10,3,256000,0,150000,0.368667
50,0,11,3,256000,0,150000,0.346061
50,0,12,3,256000,0,150000,0.322778
50,0,13,3,256000,0,150000,0.315385
50,0,14,3,256000,0,150000,0.315714
50,0,15,3,256000,0,150000,0.305333
50,0,16,3,256000,0,150000,0.294583
50,0,1,3,512000,0,150000,0.893333
50,0,2,3,512000,0,150000,0.76
50,0,3,3,512000,0,150000,0.631111
50,0,4,3,512000,0,150000,0.573333
50,0,5,3,512000,0,150000,0.561333
50,0,6,3,512000,0,150000,0.506667
50,0,7,3,512000,0,150000,0.493333
50,0,8,3,512000,0,150000,0.475
50,0,9,3,512000,0,150000,0.446667
50,0,10,3,512000,0,150000,0.391333
50,0,11,3,512000,0,150000,0.427879
50,0,12,3,512000,0,150000,0.385
50,0,13,3,512000,0,150000,0.386154
50,0,14,3,512000,0,150000,0.390952
50,0,15,3,512000,0,150000,0.366667
50,0,16,3,512000,0,150000,0.353333
