55,0,1,3,50000,0,150000,0.484848
60,0,1,3,50000,0,150000,0.444444
65,0,1,3,50000,0,150000,0.420513
70,0,1,3,50000,0,150000,0.395238
75,0,1,3,50000,0,150000,0.36
80,0,1,3,50000,0,150000,0.316667
85,0,1,3,50000,0,150000,0.317647
90,0,1,3,50000,0,150000,0.3
95,0,1,3,50000,0,150000,0.322807
100,0,1,3,50000,0,150000,0.306667
55,0,2,3,50000,0,150000,0.339394
60,0,2,3,50000,0,150000,0.297222
65,0,2,3,50000,0,150000,0.330769
70,0,2,3,50000,0,150000,0.295238
75,0,2,3,50000,0,150000,0.291111
80,0,2,3,50000,0,150000,0.270833
85,0,2,3,50000,0,150000,0.270588
90,0,2,3,50000,0,150000,0.237037
95,0,2,3,50000,0,150000,0.217544
100,0,2,3,50000,0,150000,0.215
55,0,3,3,50000,0,150000,0.319192
60,0,3,3,50000,0,150000,0.285185
65,0,3,3,50000,0,150000,0.292308
70,0,3,3,50000,0,150000,0.271429
75,0,3,3,50000,0,150000,0.253333
80,0,3,3,50000,0,150000,0.261111
85,0,3,3,50000,0,150000,0.224837
90,0,3,3,50000,0,150000,0.223457
95,0,3,3,50000,0,150000,0.180117
100,0,3,3,50000,0,150000,0.168889
55,0,4,3,50000,0,150000,0.259091
60,0,4,3,50000,0,150000,0.265278
65,0,4,3,50000,0,150000,0.258974
70,0,4,3,50000,0,150000,0.233333
75,0,4,3,50000,0,150000,0.213333
80,0,4,3,50000,0,150000,0.195833
85,0,4,3,50000,0,150000,0.190196
90,0,4,3,50000,0,150000,0.169444
95,0,4,3,50000,0,150000,0.147368
100,0,4,3,50000,0,150000,0.1575
55,0,5,3,50000,0,150000,0.276364
60,0,5,3,50000,0,150000,0.266667
65,0,5,3,50000,0,150000,0.238974
70,0,5,3,50000,0,150000,0.234286
75,0,5,3,50000,0,150000,0.211556
80,0,5,3,50000,0,150000,0.155833
85,0,5,3,50000,0,150000,0.184314
90,0,5,3,50000,0,150000,0.16
95,0,5,3,50000,0,150000,0.157895
100,0,5,3,50000,0,150000,0.140667
55,0,6,3,50000,0,150000,0.264646
60,0,6,3,50000,0,150000,0.240741
65,0,6,3,50000,0,150000,0.212821
70,0,6,3,50000,0,150000,0.203968
75,0,6,3,50000,0,150000,0.176296
80,0,6,3,50000,0,150000,0.168056
85,0,6,3,50000,0,150000,0.155556
90,0,6,3,50000,0,150000,0.149383
95,0,6,3,50000,0,150000,0.132164
100,0,6,3,50000,0,150000,0.13
55,0,7,3,50000,0,150000,0.239827
60,0,7,3,50000,0,150000,0.219048
65,0,7,3,50000,0,150000,0.211722
70,0,7,3,50000,0,150000,0.191156
75,0,7,3,50000,0,150000,0.173968
80,0,7,3,50000,0,150000,0.164881
85,0,7,3,50000,0,150000,0.145098
90,0,7,3,50000,0,150000,0.132804
95,0,7,3,50000,0,150000,0.131328
100,0,7,3,50000,0,150000,0.115238
55,0,8,3,50000,0,150000,0.231818
60,0,8,3,50000,0,150000,0.220833
65,0,8,3,50000,0,150000,0.199359
70,0,8,3,50000,0,150000,0.179167
75,0,8,3,50000,0,150000,0.166111
80,0,8,3,50000,0,150000,0.146354
85,0,8,3,50000,0,150000,0.132843
90,0,8,3,50000,0,150000,0.118056
95,0,8,3,50000,0,150000,0.124123
100,0,8,3,50000,0,150000,0.10125
55,0,9,3,50000,0,150000,0.228283
60,0,9,3,50000,0,150000,0.19321
65,0,9,3,50000,0,150000,0.178348
70,0,9,3,50000,0,150000,0.173545
75,0,9,3,50000,0,150000,0.151111
80,0,9,3,50000,0,150000,0.147222
85,0,9,3,50000,0,150000,0.118519
90,0,9,3,50000,0,150000,0.132099
95,0,9,3,50000,0,150000,0.108382
100,0,9,3,50000,0,150000,0.102222
55,0,10,3,50000,0,150000,0.212121
60,0,10,3,50000,0,150000,0.187222
65,0,10,3,50000,0,150000,0.170769
70,0,10,3,50000,0,150000,0.170952
75,0,10,3,50000,0,150000,0.128444
80,0,10,3,50000,0,150000,0.13125
85,0,10,3,50000,0,150000,0.115294
90,0,10,3,50000,0,150000,0.112963
95,0,10,3,50000,0,150000,0.104211
100,0,10,3,50000,0,150000,0.102333
55,0,11,3,50000,0,150000,0.179063
60,0,11,3,50000,0,150000,0.186869
65,0,11,3,50000,0,150000,0.176224
70,0,11,3,50000,0,150000,0.149784
75,0,11,3,50000,0,150000,0.140606
80,0,11,3,50000,0,150000,0.131818
85,0,11,3,50000,0,150000,0.134759
90,0,11,3,50000,0,150000,0.105051
95,0,11,3,50000,0,150000,0.092823
100,0,11,3,50000,0,150000,0.0954545
55,0,12,3,50000,0,150000,0.201515
60,0,12,3,50000,0,150000,0.172222
65,0,12,3,50000,0,150000,0.167949
70,0,12,3,50000,0,150000,0.132937
75,0,12,3,50000,0,150000,0.128148
80,0,12,3,50000,0,150000,0.121875
85,0,12,3,50000,0,150000,0.106536
90,0,12,3,50000,0,150000,0.102778
95,0,12,3,50000,0,150000,0.0950292
100,0,12,3,50000,0,150000,0.0863889
55,0,13,3,50000,0,150000,0.188345
60,0,13,3,50000,0,150000,0.17906
65,0,13,3,50000,0,150000,0.153057
70,0,13,3,50000,0,150000,0.145421
75,0,13,3,50000,0,150000,0.128205
80,0,13,3,50000,0,150000,0.119551
85,0,13,3,50000,0,150000,0.114027
90,0,13,3,50000,0,150000,0.105983
95,0,13,3,50000,0,150000,0.0966262
100,0,13,3,50000,0,150000,0.0861538
55,0,14,3,50000,0,150000,0.178788
60,0,14,3,50000,0,150000,0.172222
65,0,14,3,50000,0,150000,0.149084
70,0,14,3,50000,0,150000,0.141156
75,0,14,3,50000,0,150000,0.12381
80,0,14,3,50000,0,150000,0.11131
85,0,14,3,50000,0,150000,0.115966
90,0,14,3,50000,0,150000,0.0994709
95,0,14,3,50000,0,150000,0.0857143
100,0,14,3,50000,0,150000,0.0819048
55,0,15,3,50000,0,150000,0.185051
60,0,15,3,50000,0,150000,0.162593
65,0,15,3,50000,0,150000,0.149744
70,0,15,3,50000,0,150000,0.131429
75,0,15,3,50000,0,150000,0.12563
80,0,15,3,50000,0,150000,0.11
85,0,15,3,50000,0,150000,0.10719
90,0,15,3,50000,0,150000,0.0965432
95,0,15,3,50000,0,150000,0.0898246
100,0,15,3,50000,0,150000,0.0813333
55,0,16,3,50000,0,150000,0.182955
60,0,16,3,50000,0,150000,0.173611
65,0,16,3,50000,0,150000,0.138141
70,0,16,3,50000,0,150000,0.125
75,0,16,3,50000,0,150000,0.116111
80,0,16,3,50000,0,150000,0.102604
85,0,16,3,50000,0,150000,0.10049
90,0,16,3,50000,0,150000,0.0868056
95,0,16,3,50000,0,150000,0.0846491
100,0,16,3,50000,0,150000,0.07625
