105,0,1,3,50000,0,150000,0.266667
110,0,1,3,50000,0,150000,0.257576
115,0,1,3,50000,0,150000,0.243478
120,0,1,3,50000,0,150000,0.255556
125,0,1,3,50000,0,150000,0.234667
130,0,1,3,50000,0,150000,0.215385
135,0,1,3,50000,0,150000,0.214815
140,0,1,3,50000,0,150000,0.22381
145,0,1,3,50000,0,150000,0.204598
150,0,1,3,50000,0,150000,0.18
155,0,1,3,50000,0,150000,0.184946
160,0,1,3,50000,0,150000,0.170833
165,0,1,3,50000,0,150000,0.175758
170,0,1,3,50000,0,150000,0.201961
175,0,1,3,50000,0,150000,0.167619
180,0,1,3,50000,0,150000,0.161111
185,0,1,3,50000,0,150000,0.14955
190,0,1,3,50000,0,150000,0.140351
195,0,1,3,50000,0,150000,0.135043
200,0,1,3,50000,0,150000,0.163333
205,0,1,3,50000,0,150000,0.152846
210,0,1,3,50000,0,150000,0.147619
215,0,1,3,50000,0,150000,0.122481
220,0,1,3,50000,0,150000,0.125758
225,0,1,3,50000,0,150000,0.128889
230,0,1,3,50000,0,150000,0.126087
235,0,1,3,50000,0,150000,0.131915
240,0,1,3,50000,0,150000,0.115278
245,0,1,3,50000,0,150000,0.117007
250,0,1,3,50000,0,150000,0.112
105,0,2,3,50000,0,150000,0.195238
110,0,2,3,50000,0,150000,0.198485
115,0,2,3,50000,0,150000,0.186957
120,0,2,3,50000,0,150000,0.183333
125,0,2,3,50000,0,150000,0.186667
130,0,2,3,50000,0,150000,0.157692
135,0,2,3,50000,0,150000,0.166667
140,0,2,3,50000,0,150000,0.147619
145,0,2,3,50000,0,150000,0.132184
150,0,2,3,50000,0,150000,0.147778
155,0,2,3,50000,0,150000,0.136559
160,0,2,3,50000,0,150000,0.120833
165,0,2,3,50000,0,150000,0.136364
170,0,2,3,50000,0,150000,0.130392
175,0,2,3,50000,0,150000,0.119048
180,0,2,3,50000,0,150000,0.103704
185,0,2,3,50000,0,150000,0.117117
190,0,2,3,50000,0,150000,0.107018
195,0,2,3,50000,0,150000,0.0957265
200,0,2,3,50000,0,150000,0.0966667
205,0,2,3,50000,0,150000,0.0731707
210,0,2,3,50000,0,150000,0.0952381
215,0,2,3,50000,0,150000,0.079845
220,0,2,3,50000,0,150000,0.0666667
225,0,2,3,50000,0,150000,0.0822222
230,0,2,3,50000,0,150000,0.073913
235,0,2,3,50000,0,150000,0.0539007
240,0,2,3,50000,0,150000,0.0631944
245,0,2,3,50000,0,150000,0.0639456
250,0,2,3,50000,0,150000,0.0773333
105,0,3,3,50000,0,150000,0.157672
110,0,3,3,50000,0,150000,0.161616
115,0,3,3,50000,0,150000,0.153623
120,0,3,3,50000,0,150000,0.146296
125,0,3,3,50000,0,150000,0.138667
130,0,3,3,50000,0,150000,0.124786
135,0,3,3,50000,0,150000,0.126749
140,0,3,3,50000,0,150000,0.131746
145,0,3,3,50000,0,150000,0.118008
150,0,3,3,50000,0,150000,0.103704
155,0,3,3,50000,0,150000,0.0946237
160,0,3,3,50000,0,150000,0.10625
165,0,3,3,50000,0,150000,0.0868687
170,0,3,3,50000,0,150000,0.0960784
175,0,3,3,50000,0,150000,0.0780952
180,0,3,3,50000,0,150000,0.0814815
185,0,3,3,50000,0,150000,0.0678679
190,0,3,3,50000,0,150000,0.0830409
195,0,3,3,50000,0,150000,0.0769231
200,0,3,3,50000,0,150000,0.0694444
205,0,3,3,50000,0,150000,0.0699187
210,0,3,3,50000,0,150000,0.0687831
215,0,3,3,50000,0,150000,0.0640827
220,0,3,3,50000,0,150000,0.0636364
225,0,3,3,50000,0,150000,0.0577778
230,0,3,3,50000,0,150000,0.0400966
235,0,3,3,50000,0,150000,0.0548463
240,0,3,3,50000,0,150000,0.049537
245,0,3,3,50000,0,150000,0.0539683
250,0,3,3,50000,0,150000,0.0457778
105,0,4,3,50000,0,150000,0.156349
110,0,4,3,50000,0,150000,0.137879
115,0,4,3,50000,0,150000,0.148551
120,0,4,3,50000,0,150000,0.134028
125,0,4,3,50000,0,150000,0.121333
130,0,4,3,50000,0,150000,0.114103
135,0,4,3,50000,0,150000,0.0993827
140,0,4,3,50000,0,150000,0.107143
145,0,4,3,50000,0,150000,0.095977
150,0,4,3,50000,0,150000,0.0933333
155,0,4,3,50000,0,150000,0.0913978
160,0,4,3,50000,0,150000,0.0760417
165,0,4,3,50000,0,150000,0.0747475
170,0,4,3,50000,0,150000,0.0730392
175,0,4,3,50000,0,150000,0.0719048
180,0,4,3,50000,0,150000,0.0675926
185,0,4,3,50000,0,150000,0.0662162
190,0,4,3,50000,0,150000,0.0635965
195,0,4,3,50000,0,150000,0.0547009
200,0,4,3,50000,0,150000,0.0545833
205,0,4,3,50000,0,150000,0.051626
210,0,4,3,50000,0,150000,0.0547619
215,0,4,3,50000,0,150000,0.046124
220,0,4,3,50000,0,150000,0.05
225,0,4,3,50000,0,150000,0.0444444
230,0,4,3,50000,0,150000,0.042029
235,0,4,3,50000,0,150000,0.0411348
240,0,4,3,50000,0,150000,0.0409722
245,0,4,3,50000,0,150000,0.0452381
250,0,4,3,50000,0,150000,0.0403333
105,0,5,3,50000,0,150000,0.131429
110,0,5,3,50000,0,150000,0.121212
115,0,5,3,50000,0,150000,0.111884
120,0,5,3,50000,0,150000,0.101667
125,0,5,3,50000,0,150000,0.103467
130,0,5,3,50000,0,150000,0.0958974
135,0,5,3,50000,0,150000,0.0953086
140,0,5,3,50000,0,150000,0.0928571
145,0,5,3,50000,0,150000,0.0781609
150,0,5,3,50000,0,150000,0.0795556
155,0,5,3,50000,0,150000,0.0830108
160,0,5,3,50000,0,150000,0.0745833
165,0,5,3,50000,0,150000,0.0662626
170,0,5,3,50000,0,150000,0.0686275
175,0,5,3,50000,0,150000,0.0651429
180,0,5,3,50000,0,150000,0.0618519
185,0,5,3,50000,0,150000,0.0616216
190,0,5,3,50000,0,150000,0.0568421
195,0,5,3,50000,0,150000,0.0547009
200,0,5,3,50000,0,150000,0.0466667
205,0,5,3,50000,0,150000,0.0526829
210,0,5,3,50000,0,150000,0.0438095
215,0,5,3,50000,0,150000,0.0524031
220,0,5,3,50000,0,150000,0.0433333
225,0,5,3,50000,0,150000,0.0494815
230,0,5,3,50000,0,150000,0.0397101
235,0,5,3,50000,0,150000,0.0402837
240,0,5,3,50000,0,150000,0.0363889
245,0,5,3,50000,0,150000,0.0364626
250,0,5,3,50000,0,150000,0.0306667
105,0,6,3,50000,0,150000,0.124339
110,0,6,3,50000,0,150000,0.115657
115,0,6,3,50000,0,150000,0.122705
120,0,6,3,50000,0,150000,0.106019
125,0,6,3,50000,0,150000,0.096
130,0,6,3,50000,0,150000,0.0799145
135,0,6,3,50000,0,150000,0.0843621
140,0,6,3,50000,0,150000,0.084127
145,0,6,3,50000,0,150000,0.0766284
150,0,6,3,50000,0,150000,0.0718519
155,0,6,3,50000,0,150000,0.072043
160,0,6,3,50000,0,150000,0.0618056
165,0,6,3,50000,0,150000,0.0636364
170,0,6,3,50000,0,150000,0.0594771
175,0,6,3,50000,0,150000,0.0584127
180,0,6,3,50000,0,150000,0.0527778
185,0,6,3,50000,0,150000,0.0567568
190,0,6,3,50000,0,150000,0.0491228
195,0,6,3,50000,0,150000,0.0552707
200,0,6,3,50000,0,150000,0.045
205,0,6,3,50000,0,150000,0.0493225
210,0,6,3,50000,0,150000,0.0386243
215,0,6,3,50000,0,150000,0.0418605
220,0,6,3,50000,0,150000,0.0426768
225,0,6,3,50000,0,150000,0.0404938
230,0,6,3,50000,0,150000,0.0403382
235,0,6,3,50000,0,150000,0.0371158
240,0,6,3,50000,0,150000,0.0256944
245,0,6,3,50000,0,150000,0.0358277
250,0,6,3,50000,0,150000,0.032
105,0,7,3,50000,0,150000,0.109297
110,0,7,3,50000,0,150000,0.106926
115,0,7,3,50000,0,150000,0.104348
120,0,7,3,50000,0,150000,0.093254
125,0,7,3,50000,0,150000,0.079619
130,0,7,3,50000,0,150000,0.0798535
135,0,7,3,50000,0,150000,0.0733686
140,0,7,3,50000,0,150000,0.0707483
145,0,7,3,50000,0,150000,0.0719212
150,0,7,3,50000,0,150000,0.0679365
155,0,7,3,50000,0,150000,0.06851
160,0,7,3,50000,0,150000,0.0559524
165,0,7,3,50000,0,150000,0.0617605
170,0,7,3,50000,0,150000,0.0487395
175,0,7,3,50000,0,150000,0.0468027
180,0,7,3,50000,0,150000,0.047619
185,0,7,3,50000,0,150000,0.0473616
190,0,7,3,50000,0,150000,0.0426065
195,0,7,3,50000,0,150000,0.0449328
200,0,7,3,50000,0,150000,0.0430952
205,0,7,3,50000,0,150000,0.0387921
210,0,7,3,50000,0,150000,0.0385488
215,0,7,3,50000,0,150000,0.0383167
220,0,7,3,50000,0,150000,0.0352814
225,0,7,3,50000,0,150000,0.0300529
230,0,7,3,50000,0,150000,0.0293996
235,0,7,3,50000,0,150000,0.0312057
240,0,7,3,50000,0,150000,0.0363095
245,0,7,3,50000,0,150000,0.0272109
250,0,7,3,50000,0,150000,0.0306667
105,0,8,3,50000,0,150000,0.0968254
110,0,8,3,50000,0,150000,0.0943182
115,0,8,3,50000,0,150000,0.0923913
120,0,8,3,50000,0,150000,0.0885417
125,0,8,3,50000,0,150000,0.0796667
130,0,8,3,50000,0,150000,0.0701923
135,0,8,3,50000,0,150000,0.0731481
140,0,8,3,50000,0,150000,0.0639881
145,0,8,3,50000,0,150000,0.0729885
150,0,8,3,50000,0,150000,0.0633333
155,0,8,3,50000,0,150000,0.0580645
160,0,8,3,50000,0,150000,0.0578125
165,0,8,3,50000,0,150000,0.0565657
170,0,8,3,50000,0,150000,0.0507353
175,0,8,3,50000,0,150000,0.0461905
180,0,8,3,50000,0,150000,0.0472222
185,0,8,3,50000,0,150000,0.0466216
190,0,8,3,50000,0,150000,0.0414474
195,0,8,3,50000,0,150000,0.0444444
200,0,8,3,50000,0,150000,0.0395833
205,0,8,3,50000,0,150000,0.0353659
210,0,8,3,50000,0,150000,0.0345238
215,0,8,3,50000,0,150000,0.0310078
220,0,8,3,50000,0,150000,0.0308712
225,0,8,3,50000,0,150000,0.0327778
230,0,8,3,50000,0,150000,0.0317029
235,0,8,3,50000,0,150000,0.0301418
240,0,8,3,50000,0,150000,0.0324653
245,0,8,3,50000,0,150000,0.0272109
250,0,8,3,50000,0,150000,0.0271667
105,0,9,3,50000,0,150000,0.096649
110,0,9,3,50000,0,150000,0.0838384
115,0,9,3,50000,0,150000,0.0798712
120,0,9,3,50000,0,150000,0.083642
125,0,9,3,50000,0,150000,0.0734815
130,0,9,3,50000,0,150000,0.0717949
135,0,9,3,50000,0,150000,0.0663923
140,0,9,3,50000,0,150000,0.0640212
145,0,9,3,50000,0,150000,0.0613027
150,0,9,3,50000,0,150000,0.0545679
155,0,9,3,50000,0,150000,0.0528076
160,0,9,3,50000,0,150000,0.0571759
165,0,9,3,50000,0,150000,0.0520763
170,0,9,3,50000,0,150000,0.0477124
175,0,9,3,50000,0,150000,0.0465608
180,0,9,3,50000,0,150000,0.0419753
185,0,9,3,50000,0,150000,0.044044
190,0,9,3,50000,0,150000,0.0374269
195,0,9,3,50000,0,150000,0.0381766
200,0,9,3,50000,0,150000,0.0381481
205,0,9,3,50000,0,150000,0.0336043
210,0,9,3,50000,0,150000,0.0336861
215,0,9,3,50000,0,150000,0.0315245
220,0,9,3,50000,0,150000,0.0328283
225,0,9,3,50000,0,150000,0.0306173
230,0,9,3,50000,0,150000,0.0325282
235,0,9,3,50000,0,150000,0.0277384
240,0,9,3,50000,0,150000,0.0268519
245,0,9,3,50000,0,150000,0.0266062
250,0,9,3,50000,0,150000,0.0281481
105,0,10,3,50000,0,150000,0.0930159
110,0,10,3,50000,0,150000,0.0830303
115,0,10,3,50000,0,150000,0.0811594
120,0,10,3,50000,0,150000,0.0788889
125,0,10,3,50000,0,150000,0.0658667
130,0,10,3,50000,0,150000,0.0697436
135,0,10,3,50000,0,150000,0.0577778
140,0,10,3,50000,0,150000,0.0628571
145,0,10,3,50000,0,150000,0.0551724
150,0,10,3,50000,0,150000,0.0531111
155,0,10,3,50000,0,150000,0.0552688
160,0,10,3,50000,0,150000,0.0458333
165,0,10,3,50000,0,150000,0.0464646
170,0,10,3,50000,0,150000,0.0490196
175,0,10,3,50000,0,150000,0.0447619
180,0,10,3,50000,0,150000,0.0437037
185,0,10,3,50000,0,150000,0.0371171
190,0,10,3,50000,0,150000,0.0373684
195,0,10,3,50000,0,150000,0.0348718
200,0,10,3,50000,0,150000,0.0315
205,0,10,3,50000,0,150000,0.0318699
210,0,10,3,50000,0,150000,0.0304762
215,0,10,3,50000,0,150000,0.0286822
220,0,10,3,50000,0,150000,0.0275758
225,0,10,3,50000,0,150000,0.0302222
230,0,10,3,50000,0,150000,0.0272464
235,0,10,3,50000,0,150000,0.0286525
240,0,10,3,50000,0,150000,0.0256944
245,0,10,3,50000,0,150000,0.0242177
250,0,10,3,50000,0,150000,0.0237333
