; ran on Sauron
; attack sim
; 13 to 30 secrets/term
; 1 to 11 secrets/term
; 3 trials
; 150000 samples/trial
; obfuscation freq table unknown
; 50 vocab
; no obfsucations

50,0,1,3,50000,0,150000,0.486667
50,0,3,3,50000,0,150000,0.362222
50,0,5,3,50000,0,150000,0.284
50,0,7,3,50000,0,150000,0.273333
50,0,9,3,50000,0,150000,0.246667
50,0,11,3,50000,0,150000,0.22
50,0,1,3,50000,0,150000,0.48
50,0,3,3,50000,0,150000,0.337778
50,0,5,3,50000,0,150000,0.302667
50,0,7,3,50000,0,150000,0.247619
50,0,9,3,50000,0,150000,0.26963
50,0,11,3,50000,0,150000,0.229091
50,0,2,3,50000,0,150000,0.426667
50,0,4,3,50000,0,150000,0.311667
50,0,6,3,50000,0,150000,0.275556
50,0,8,3,50000,0,150000,0.256667
50,0,10,3,50000,0,150000,0.226
50,0,12,3,50000,0,150000,0.215
50,0,2,3,50000,0,150000,0.433333
50,0,4,3,50000,0,150000,0.321667
50,0,6,3,50000,0,150000,0.274444
50,0,8,3,50000,0,150000,0.26
50,0,10,3,50000,0,150000,0.248
50,0,12,3,50000,0,150000,0.218889
50,0,1,3,50000,0,150000,0.506667
50,0,3,3,50000,0,150000,0.388889
50,0,5,3,50000,0,150000,0.296
50,0,7,3,50000,0,150000,0.265714
50,0,9,3,50000,0,150000,0.251852
50,0,11,3,50000,0,150000,0.208485
50,0,1,3,50000,0,150000,0.52
50,0,3,3,50000,0,150000,0.351111
50,0,5,3,50000,0,150000,0.332
50,0,7,3,50000,0,150000,0.267619
50,0,9,3,50000,0,150000,0.251111
50,0,11,3,50000,0,150000,0.222424
50,0,2,3,50000,0,150000,0.426667
50,0,4,3,50000,0,150000,0.328333
50,0,6,3,50000,0,150000,0.284444
50,0,8,3,50000,0,150000,0.2525
50,0,10,3,50000,0,150000,0.227333
50,0,12,3,50000,0,150000,0.215
50,0,2,3,50000,0,150000,0.423333
50,0,4,3,50000,0,150000,0.343333
50,0,6,3,50000,0,150000,0.28
50,0,8,3,50000,0,150000,0.25
50,0,10,3,50000,0,150000,0.245333
50,0,12,3,50000,0,150000,0.225
50,0,13,3,50000,0,150000,0.209231
50,0,18,3,50000,0,150000,0.194444
50,0,23,3,50000,0,150000,0.166087
50,0,28,3,50000,0,150000,0.15619
