0.693618	37.7311	-78.2366	
-8.15798	-29.0208	90.6735	
-9.41706	65.1197	-92.5711	
-4.09007	-36.1932	88.7467	
17.9339	-42.2827	12.83	
-5.37332	12.5232	-3.55306	
0.608325	42.7653	-87.9639	
30.8908	-76.7394	29.9157	
36.8215	-28.442	-90.4022	
27.5276	-99.4143	88.7182	
-49.2289	97.4279	2.05992	
30.7794	-56.1439	-10.8297	
6.56329	-39.1825	52.1119	
45.8479	-55.6403	-72.1109	
-53.1998	63.4728	85.8534	
-33.1455	73.4477	-14.3132	
27.6352	-81.4795	52.4183	
57.8342	-75.602	-80.1326	
-38.5643	31.1523	91.9528	
-8.91784	-27.5722	90.8157	
2.13781	-29.9137	51.2761	
-20.8672	71.8361	-60.2036	
-6.9853	-35.8036	99.5485	
47.3258	-96.3254	3.34774	
-24.4951	52.4267	-6.87308	
-0.943387	-43.7663	91.3062	
10.386	0.969276	-43.4824	
-26.0894	6.93121	90.4952	
-5.55357	-13.8682	49.9508	
7.71692	-29.5353	28.2029	
33.5281	-40.1837	-53.745	
-17.0317	75.4585	-82.7901	
59.0862	-78.7203	-78.9043	
34.6434	-73.7844	8.99505	
-8.47087	6.91155	20.0604	
-30.6284	65.9548	-9.39613	
19.6641	-75.5929	72.5293	
-9.32384	17.3851	2.52513	
-8.15439	-20.7118	74.0411	
-54.2225	80.4208	56.0484	
-22.2531	88.7963	-88.58	
36.5703	-73.4012	0.521146	
33.4896	-67.5658	1.17335	
39.649	-57.4551	-43.6857	
11.1742	-49.4246	54.1526	
48.7791	-99.8422	4.56802	
-29.2216	9.68818	97.5101	
-24.4617	25.4134	47.0202	
-3.61539	37.6428	-60.824	
43.658	-83.3045	-8.02309	
8.04055	14.6564	-61.475	
50.9894	-91.4979	-20.9617	
-3.63268	33.3724	-52.214	
43.1778	-94.3442	15.9773	
13.3834	-4.41332	-44.7072	
4.11077	7.09282	-30.6287	
59.8722	-82.9936	-73.5015	
-72.7388	96.0832	98.7888	
-11.1704	50.557	-56.4324	
-46.116	90.0418	4.38039	
21.3929	2.40876	-90.3892	
-27.4242	83.4487	-57.2008	
6.17016	23.7731	-72.2269	
-27.1483	16.7065	75.1804	
9.19041	-4.45845	-27.8447	
-18.2778	11.0633	50.9846	
12.4502	-4.17046	-41.4598	
20.2442	-39.1494	-2.6781	
33.8353	-99.2576	63.174	
-20.7103	32.2557	18.3297	
-1.62135	38.9775	-71.4697	
14.0255	-10.318	-35.4659	
-26.9959	94.9569	-81.9301	
10.9015	12.5218	-68.6497	
-12.9616	54.178	-56.5095	
-46.4686	56.664	72.5465	
31.1309	-23.7557	-77.0122	
-18.2108	86.3042	-99.7654	
21.0628	-11.4629	-61.3253	
-33.996	96.0004	-56.0167	
-45.1468	68.516	43.5552	
-37.2814	33.3198	82.486	
-12.0181	59.6243	-71.1761	
-27.4689	82.2098	-54.5441	
3.82433	-16.4817	17.6662	
-47.9423	78.1718	35.4257	
-69.1868	92.5396	91.668	
-63.5993	99.2708	55.8556	
-0.0922508	15.7335	-31.0979	
-62.2889	95.9408	57.274	
15.8776	-77.6718	91.8331	
-45.634	75.5714	31.3934	
-0.756428	-46.7091	96.444	
12.4669	-45.008	40.1486	
17.6875	-21.515	-27.7201	
30.4457	-43.6235	-34.5359	
58.958	-90.3059	-55.2201	
-29.1775	90.1741	-63.6382	
-26.1139	5.37774	93.6999	
49.8795	-94.2504	-11.0171	
30.9126	-61.9048	0.159254	
-24.931	3.05125	93.6217	
-59.991	80.4778	79.0085	
50.6049	-90.6429	-21.1339	
-24.1623	26.9431	42.7631	
-61.279	76.3016	92.5131	
44.6615	-67.5051	-43.6357	
20.4924	-85.0274	88.0853	
29.0541	-43.1632	-29.89	
-29.7452	13.4208	92.1391	
13.7244	1.03319	-56.964	
35.7075	-27.0418	-88.7462	
29.0505	-66.3519	16.5016	
-10.5777	39.9935	-37.6761	
-27.0167	15.4001	77.2666	
26.1401	-16.4223	-71.7159	
-60.7141	91.5662	59.7243	
-42.4851	48.0636	73.813	
-24.7854	69.4827	-39.8238	
-11.7341	55.4201	-63.9037	
47.0558	-70.9651	-46.293	
5.2773	-53.6	86.0907	
16.7648	2.24195	-71.5431	
-53.5099	78.1566	57.7265	
-43.9007	38.2615	99.0797	
-21.3992	31.0071	23.5825	
26.5821	-10.8905	-84.5474	
2.7237	0.647324	-12.1894	
4.97905	18.7956	-57.5073	
-14.1409	40.6755	-24.7873	
17.517	2.89909	-75.866	
48.4582	-65.2455	-63.3417	
11.7038	3.40859	-53.6323	
-14.529	42.4877	-26.8595	
4.49268	26.9007	-71.7721	
-56.4972	83.511	58.9667	
-1.4204	-36.2452	78.172	
38.8785	-69.9514	-15.6111	
67.2429	-85.3821	-98.2074	
51.9089	-95.7236	-16.1885	
-35.6465	87.0383	-31.4907	
28.448	-66.2763	18.7607	
-38.9365	67.8244	20.0971	
-8.40401	-15.2	64.0161	
-50.4444	73.2399	55.2978	
-32.6399	53.5872	23.3853	
-60.2265	92.1284	56.6491	
-68.4338	93.8951	85.9448	
-41.5065	85.6521	-5.27792	
23.7609	-15.005	-65.0334	
11.7001	16.477	-79.7545	
-9.34783	58.0271	-78.6629	
-38.7162	27.7839	99.297	
-3.80473	-32.6221	80.4631	
-14.4367	54.895	-52.0435	
17.0459	0.524985	-69.2337	
4.38794	-1.26448	-15.0228	
-59.0813	95.0333	46.2584	
-30.7365	86.314	-49.6821	
-22.0923	72.7528	-57.1365	
10.7659	13.423	-69.9096	
20.9337	-19.3079	-45.1191	
32.97	-59.1916	-13.4968	
-48.4824	77.3211	39.2875	
16.7228	0.0352481	-66.9618	
-24.6026	21.7488	54.9127	
9.51991	-41.778	45.4763	
-20.9669	37.1632	9.5412	
-23.2837	50.1668	-7.19861	
-52.7124	81.1589	48.5317	
12.8469	-22.8323	-5.72295	
-26.4065	23.4254	58.7752	
-10.2941	-0.229629	41.6356	
-6.70929	-18.8354	64.508	
-5.35666	-4.64035	30.7074	
-14.0221	28.8392	-1.58998	
50.7164	-95.1563	-12.553	
-5.89781	25.8971	-28.203	
-28.4251	37.8736	37.9532	
-12.0303	42.1578	-36.1945	
-17.285	27.7903	13.5597	
50.8435	-84.6094	-34.1555	
-36.8066	69.3906	8.44496	
1.7096	-16.1175	25.3966	
28.0202	-45.0026	-22.0757	
-35.9835	82.9827	-22.0314	
-34.8315	70.6314	-1.93663	
31.3726	-30.5432	-64.4038	
-22.6366	50.1723	-9.79839	
-30.1504	91.5217	-62.4418	
35.9841	-32.8062	-78.3239	
18.4497	-3.12463	-67.5494	
5.96004	22.7349	-69.31	
-54.473	99.6124	18.667	
25.1129	-84.8893	69.3269	
-62.2543	96.7151	55.5872	
-23.7758	39.0598	16.9835	
-51.2873	65.6107	73.9279	
23.4594	-4.70267	-84.4322	
24.7793	-48.5113	-2.0944	
34.6409	-81.78	24.9964	
12.6202	-46.7149	42.9489	
49.4988	-53.0574	-91.8802	
-26.8738	41.0646	25.366	
10.4462	-49.0481	56.3116	
-18.4073	28.5798	16.4698	
44.0127	-97.6897	19.3286	
-38.0596	79.6516	-7.0647	
1.57599	24.6633	-55.6306	
-14.59	14.5423	29.2756	
11.717	8.84027	-64.5484	
-24.7546	20.5833	57.8517	
-6.89584	20.0318	-12.4803	
-61.4615	90.2966	65.253	
-67.3958	90.5371	88.5089	
8.80475	-4.61137	-25.9963	
-15.6078	25.4985	11.4341	
20.9846	-26.9571	-30.0244	
-42.2217	65.8977	37.0913	
-64.7569	82.5952	93.8373	
25.524	-75.0291	47.9621	
23.0454	-28.6598	-34.8621	
-11.9505	-16.2898	80.3817	
25.2999	-95.7028	90.2061	
-56.5071	79.3359	67.3566	
24.2891	-18.8684	-59.4195	
-13.273	28.6222	-4.1523	
-41.2789	54.9166	55.2826	
20.7255	-12.1887	-58.5246	
58.858	-91.6202	-52.1917	
31.2744	-68.1301	11.1625	
6.10648	21.0221	-66.4701	
-36.6978	35.7366	75.3181	
61.9729	-81.6635	-84.5647	
-4.7095	19.2926	-19.7471	
8.39869	9.25948	-52.1137	
-19.1737	34.2028	8.28919	
-20.6572	84.1189	-85.609	
-3.06957	-4.34234	20.963	
-38.9521	94.7601	-33.712	
-39.7049	92.801	-26.7824	
55.7411	-86.1283	-50.7076	
-37.6429	81.6712	-12.7708	
19.9861	-70.1969	60.4492	
-50.9125	69.2573	65.1355	
8.63706	-39.477	44.4057	
49.2194	-59.642	-77.5934	
-22.0849	54.1454	-19.9513	
-11.5514	47.9498	-49.6941	
8.14635	27.716	-88.0175	
51.359	-89.9421	-25.5518	
62.4198	-92.7289	-64.2217	
46.0876	-94.3961	4.44173	
-23.7937	6.24185	82.6911	
-48.0868	74.1832	43.9809	
-19.7742	30.4592	18.1781	
-35.0194	55.9741	28.1294	
-30.1913	30.8052	59.1548	
-23.0327	67.0832	-42.0356	
34.6496	-30.3783	-77.8419	
-52.966	69.3841	73.0957	
-60.0127	74.4944	91.0619	
-39.3713	50.5179	56.4496	
44.9836	-84.9662	-10.002	
-35.3743	83.8806	-26.2641	
-44.8982	67.3061	44.9806	
21.1891	-83.3497	81.9428	
-24.4089	94.3747	-91.1136	
-19.4703	29.2024	19.4765	
5.59101	20.7346	-63.8332	
33.9985	-94.1845	52.3748	
-59.9011	78.9132	81.7779	
-64.0622	99.3994	57.4501	
39.1764	-48.1726	-60.3605	
-44.0117	65.3846	45.2776	
-29.8696	60.305	-1.13151	
-57.303	97.8426	33.5266	
-29.0401	81.5956	-47.0308	
41.0832	-86.3391	8.34517	
23.7414	-48.8395	2.71347	
-6.17708	37.6908	-50.6733	
-22.3094	0.649251	87.9392	
51.417	-94.0233	-17.6215	
-35.7768	26.5431	90.0211	
37.4897	-62.587	-24.7849	
-33.169	25.6578	81.3605	
35.6345	-47.0316	-48.4747	
-41.0568	85.188	-6.14886	
9.09445	20.0182	-76.4142	
14.3794	-24.178	-9.16149	
18.031	-49.0976	26.0711	
60.9059	-76.1142	-91.395	
15.5168	-61.3021	60.5371	
30.9952	-66.0145	8.04822	
61.2292	-74.8374	-95.2417	
-17.0967	49.8409	-31.2949	
30.009	-51.2957	-17.4445	
45.0487	-85.7008	-8.7933	
23.9462	-90.8877	85.9905	
-4.57183	48.7425	-79.1977	
-14.7788	68.8928	-78.6704	
44.7763	-76.107	-26.8912	
19.7546	-53.4545	27.8905	
-24.9253	77.3371	-54.9728	
27.4627	-76.3522	42.8537	
59.9846	-78.2915	-83.3554	
-16.9289	-7.06939	81.8542	
-23.5782	39.9942	14.3244	
-6.45797	-20.5177	66.8672	
9.06963	7.81084	-51.9002	
-6.7314	-33.623	94.1716	
-27.8678	49.0023	13.4665	
-35.1356	53.1122	34.3181	
-1.27287	18.2583	-31.4251	
-26.7322	15.1741	76.5804	
50.0611	-73.4027	-53.4392	
-40.7638	57.3692	48.3168	
66.9764	-87.6325	-92.6407	
-2.23342	34.8185	-60.7034	
-36.963	90.6842	-33.5165	
-19.5398	84.9745	-91.7898	
37.6306	-55.8915	-38.7394	
30.2179	-30.4172	-60.0372	
34.6658	-67.4717	-3.71973	
-28.9884	74.2796	-32.6056	
48.1394	-53.2825	-85.9924	
-26.6858	9.87385	86.9954	
-39.2345	58.8608	39.2165	
-51.1889	64.5892	75.5771	
33.9875	-45.9197	-44.1104	
-16.7752	71.6197	-76.1387	
14.8337	-26.766	-5.80269	
-11.5971	-13.6451	73.6784	
-52.6731	84.4773	41.7377	
11.7274	-43.7207	40.5319	
-37.2085	29.7561	89.3217	
49.0325	-72.1867	-51.7566	
29.591	-60.2804	2.19687	
-20.9449	41.5138	0.752006	
-17.7426	9.63976	51.691	
9.3973	3.20827	-44.0058	
48.8407	-50.9963	-93.3704	
26.5842	-47.2544	-11.8277	
37.6996	-45.079	-60.6406	
-62.3945	87.2366	75.1049	
5.02074	-7.79072	-4.50153	
1.61836	31.8833	-70.2401	
19.3579	-43.4966	9.56185	
0.28327	-43.4714	85.8097	
-37.2994	78.8891	-8.58058	
36.7927	-26.0568	-95.0573	
-8.70545	-24.0999	83.0216	
-25.4473	9.68327	82.4225	
32.8139	-85.0702	38.8847	
-33.9334	48.7077	38.318	
9.76709	-48.051	57.0337	
5.44526	17.4931	-56.7672	
19.1497	11.2209	-99.0406	
19.7096	-77.7408	76.6433	
-19.0058	77.4998	-78.9763	
-28.5365	30.5493	53.0474	
13.8111	-34.7152	14.1862	
24.7626	-53.2619	7.47351	
-55.6472	96.429	29.731	
-1.656	17.9192	-29.2144	
20.0575	-74.7025	69.1752	
22.9197	-14.2675	-63.1438	
-17.1784	15.5744	37.5649	
-3.79567	40.5138	-65.845	
12.7586	1.99096	-55.0161	
1.11024	33.3811	-71.2032	
25.2354	-13.8928	-73.156	
7.88192	10.4109	-52.3495	
52.4427	-69.7021	-70.3665	
4.44029	-30.204	42.6469	
47.6804	-89.5887	-11.5443	
22.7633	-26.8528	-37.3475	
28.5079	-73.3163	32.6011	
44.2869	-78.7194	-19.709	
-31.4594	67.9535	-10.0691	
-9.52526	25.8441	-13.5871	
-61.5326	89.0795	67.9712	
-11.0225	32.721	-21.3521	
-51.9869	75.5499	56.8478	
43.0385	-78.0359	-16.082	
-10.7581	68.1988	-93.3651	
0.490709	-9.77554	17.5883	
-28.1746	85.5096	-58.3209	
-10.857	15.1236	13.1806	
7.81419	14.4398	-60.1363	
38.6408	-84.8085	15.0539	
-45.62	70.108	42.2638	
11.1622	19.2172	-83.083	
-40.9625	73.3667	17.1167	
-10.7268	42.4679	-42.0285	
9.69466	-49.7743	60.7699	
51.1152	-56.472	-91.517	
4.0568	-26.3038	36.3804	
-56.0586	72.0461	80.142	
-64.1064	92.1556	72.1144	
-9.83728	62.6615	-85.9739	
57.0224	-88.9375	-50.2145	
15.9568	-13.6511	-36.5251	
17.4934	5.90485	-81.7831	
-20.1434	86.0864	-91.5991	
35.7939	-32.0027	-79.1703	
-3.35946	-5.78587	25.0096	
6.18875	-21.4355	18.1161	
-8.27114	-5.67639	44.4373	
-14.1339	44.5161	-32.4965	
32.7065	-84.7252	38.6244	
-45.1849	87.5128	5.71422	
50.8116	-61.0719	-81.1026	
-22.2942	36.4228	16.3312	
-38.1754	34.3003	84.101	
-1.62044	8.50779	-10.5338	
56.8393	-85.2593	-56.8386	
-32.8843	50.7793	29.9789	
37.103	-57.5586	-33.2948	
65.9516	-92.6541	-78.4984	
-24.1308	1.45727	93.6086	
35.1561	-91.7886	42.9526	
59.6945	-70.4455	-97.8868	
27.4815	-78.4262	46.9262	
-19.4233	43.247	-8.80086	
-26.4485	98.4516	-91.1091	
-60.0293	72.1589	95.7994	
26.1968	-33.5905	-37.6061	
24.7775	-12.5226	-74.0647	
33.3151	-60.1477	-12.9649	
3.24488	-44.6987	76.4178	
-28.5201	60.2212	-6.36195	
29.1481	-77.2544	37.9163	
13.2818	-27.5782	2.02913	
-19.8724	71.2333	-62.9769	
8.36812	-15.9771	-1.5183	
48.6308	-71.1992	-52.1247	
54.0959	-60.6432	-95.0972	
-55.0079	81.2377	57.5564	
-49.8312	81.4834	36.358	
-34.3806	55.4856	26.551	
-22.8228	23.5921	44.1073	
-3.41831	14.1723	-14.6714	
41.5536	-45.1007	-76.0131	
51.1412	-82.6502	-39.2644	
25.6931	-70.6374	38.5026	
13.8921	-26.8231	-1.92215	
17.2964	-43.8044	18.4232	
16.2193	-61.1229	57.3687	
63.6854	-90.7556	-73.2306	
-47.8385	58.034	75.2861	
-21.113	15.084	54.2841	
-1.75485	-29.7814	66.5822	
1.83997	-0.558165	-6.24356	
-45.9785	98.0311	-12.1482	
54.279	-71.8089	-73.4984	
-6.28818	36.4176	-47.6824	
-69.3265	97.8126	81.6808	
-54.3637	65.4877	86.4794	
-11.9881	23.5028	0.946649	
20.0298	-19.7934	-40.5323	
-26.6871	94.7195	-82.6905	
-27.4464	93.4849	-77.1842	
47.3087	-80.6537	-27.9274	
-38.8756	54.0488	47.405	
50.3636	-96.8623	-7.73008	
-44.2757	40.5336	96.0357	
5.92982	-29.9141	36.109	
0.0108281	21.8723	-43.7879	
33.1572	-31.6451	-69.3386	
65.4682	-97.8175	-66.2379	
-31.2068	60.6111	3.60489	
-42.445	40.8638	88.0521	
-0.452335	-5.26523	12.3398	
45.6238	-85.5369	-11.4215	
-46.5196	86.4855	13.1076	
42.8586	-51.14	-69.1544	
65.588	-94.5699	-73.212	
-22.861	63.7537	-36.0633	
22.7343	-86.5926	82.2478	
5.39387	14.5329	-50.6413	
43.5828	-90.47	6.60872	
-14.7568	20.6943	17.6387	
-21.5399	60.5981	-35.0367	
-4.68616	-12.3683	43.4813	
6.34327	1.63195	-28.637	
-10.7949	53.8649	-64.5502	
33.7366	-78.1736	21.401	
-48.8477	95.754	3.88294	
-33.8098	89.9214	-44.6035	
31.5454	-68.7392	11.2971	
-60.8282	84.1495	75.0137	
-25.4962	94.7288	-87.4727	
-30.9391	50.7243	22.3079	
-36.632	70.2042	6.11971	
68.5994	-90.8918	-92.6139	
-21.299	8.78546	67.6249	
-1.62817	-23.6751	53.8629	
30.0782	-36.0877	-48.1374	
8.42267	-0.874823	-31.941	
-9.23379	-14.2199	65.3749	
-16.614	-0.557005	67.57	
-29.8076	75.2518	-31.2734	
17.8071	-74.7421	78.2558	
34.6736	-75.9563	13.2184	
-32.6931	53.4041	23.9643	
53.3438	-75.8706	-61.6342	
5.50985	23.2326	-68.5046	
31.2338	-98.5274	72.1194	
39.7067	-33.7151	-91.3967	
51.0165	-91.2806	-21.505	
5.65979	-8.2318	-6.17557	
27.6124	-31.0382	-48.373	
26.7782	-95.6164	84.1202	
23.8537	-12.0173	-71.3803	
-59.0943	91.6885	53.0004	
-25.674	38.4136	25.8687	
3.16717	12.9001	-38.4689	
6.69306	5.39874	-37.5697	
3.25364	-38.3557	63.6969	
9.71426	-16.6524	-5.55218	
-66.952	93.3947	81.0185	
-32.8635	16.4246	98.605	
46.7937	-68.8097	-49.5556	
-56.3657	78.4476	68.5676	
-5.20378	25.5339	-30.2527	
-25.2069	19.9674	60.8927	
12.2333	-39.911	30.8887	
-34.7971	61.9266	15.3351	
7.04353	-0.914752	-26.3446	
-9.34047	50.4364	-63.5109	
-16.9253	54.9475	-42.1939	
-27.6253	65.1928	-19.8844	
-12.2787	44.0937	-39.0724	
39.3726	-77.8744	-1.74174	
-24.4445	26.2619	45.254	
-51.16	61.7066	81.2266	
-14.2948	-7.47111	72.1213	
27.7688	-6.67779	-97.7197	
-35.4321	74.6628	-7.5972	
-7.49842	56.7862	-83.5788	
37.6216	-43.3432	-63.7999	
13.8932	8.57659	-72.7261	
-36.2868	53.7428	37.6616	
-19.5094	7.8707	62.2963	
37.4164	-41.7867	-66.0924	
-24.4496	38.6385	20.5216	
-21.3019	54.2173	-23.2268	
-39.5725	58.7335	40.823	
-35.6843	55.307	32.1231	
52.8311	-74.071	-63.1823	
62.2479	-83.844	-81.3035	
-31.2333	97.4943	-70.0553	
2.32682	25.48	-60.2673	
22.0631	-6.92634	-74.3998	
16.7588	-79.6182	92.2012	
-6.02161	59.9	-95.7135	
-12.0748	-20.1322	88.5638	
-40.5943	60.6397	41.0977	
17.1365	-48.6488	28.7518	
19.395	-85.762	93.9441	
0.277111	-2.31007	3.51169	
-4.97831	-22.2683	64.4499	
-0.825642	14.335	-25.3675	
-7.77409	51.1662	-71.2361	
22.3665	-19.6354	-50.195	
-58.1553	89.7465	53.1281	
-7.97168	-16.0086	63.9039	
-26.9218	53.6683	0.350582	
65.4472	-81.6424	-98.5041	
-0.0478182	15.4876	-30.7838	
-20.7844	22.8806	37.3762	
18.367	-33.4021	-6.66391	
21.1419	-91.24	97.9126	
8.96516	-55.5136	75.1665	
-31.3178	44.9054	35.4604	
-21.418	80.6785	-75.6852	
-38.244	55.8859	41.2039	
22.3654	-35.7295	-18.0025	
-11.4609	60.8004	-75.7574	
47.1086	-65.8342	-56.766	
-49.55	80.9561	36.2875	
-30.4275	83.5007	-45.2915	
4.2143	-17.2252	17.5933	
38.9213	-93.8214	31.9575	
-2.12851	-3.72856	15.9712	
-3.01007	-34.0794	80.1992	
-22.858	39.1712	13.0896	
16.0163	-22.7965	-18.4723	
1.45774	29.5013	-64.8336	
-16.9136	67.1496	-66.6449	
-31.7157	75.6118	-24.3608	
-24.0339	83.8399	-71.5443	
-22.1912	47.2259	-5.68714	
-12.5479	29.73	-9.26848	
13.89	-13.5313	-28.4973	
42.8977	-39.6554	-92.2799	
-16.2563	79.5091	-93.9931	
-32.9389	24.9608	81.8341	
23.5233	-83.7267	73.36	
-40.5129	35.659	90.7336	
5.57882	27.0108	-76.3368	
48.1033	-55.4053	-81.6025	
-1.12172	-35.9658	76.4185	
-50.8397	87.4532	28.4522	
6.5287	9.41376	-44.9423	
0.859607	20.2069	-43.8522	
9.04569	-8.16372	-19.8553	
-39.5029	43.4254	71.1605	
-47.3862	79.9243	29.6964	
-25.5953	68.924	-35.4669	
-1.02651	24.1297	-44.1534	
-41.7725	38.2998	90.4903	
-16.1872	3.27869	58.1916	
19.9701	-60.7927	41.7051	
16.5887	-34.4919	2.62918	
41.666	-54.3513	-57.9614	
30.7504	-17.5497	-87.9021	
34.5883	-95.5786	52.8038	
40.5309	-50.7394	-60.6449	
47.8455	-86.0301	-19.3219	
-48.7433	72.7086	49.5561	
-22.1651	58.9013	-29.1424	
24.9193	-89.1105	78.544	
-38.4259	38.5778	76.5482	
63.0662	-88.8179	-74.6289	
-12.5347	17.4486	15.2414	
14.4822	-20.5303	-16.8682	
-65.0698	93.7963	72.6864	
-23.9559	61.7743	-27.7248	
45.8568	-76.3777	-30.672	
52.3718	-60.2212	-89.0446	
-16.804	-11.6105	90.4369	
-33.5015	81.0363	-28.0665	
-25.8448	15.7558	71.8675	
-29.7258	52.3917	14.1197	
-22.083	86.0809	-83.8298	
-52.3965	59.7571	90.0717	
24.8048	-10.5367	-78.1458	
-67.5387	98.7708	72.6132	
62.556	-86.7186	-76.7868	
30.1643	-66.3329	12.0086	
7.6678	-2.50116	-25.6689	
-25.212	88.1628	-75.4777	
-23.0933	52.5384	-12.7037	
-22.5441	54.2958	-18.4152	
-20.914	42.349	-1.04203	
-8.42274	8.23292	17.2251	
54.2965	-83.6132	-49.9594	
49.2669	-96.6026	-3.86239	
-53.4997	94.8742	24.2502	
-45.0383	40.1432	99.8669	
35.3255	-95.4504	49.5988	
-10.9686	46.4619	-49.0493	
29.0272	-30.5508	-55.0072	
41.1842	-46.3609	-72.0152	
-26.734	90.8764	-74.817	
-1.67642	51.0764	-95.447	
-49.6949	58.4879	81.8038	
28.8145	-96.5633	77.8686	
-37.9191	91.0221	-30.3677	
-34.2463	88.7984	-40.6117	
-23.5117	52.6393	-11.2318	
46.249	-80.576	-23.8439	
-1.30609	-5.26557	15.7555	
-61.9045	84.4663	78.6852	
18.7971	-70.2917	65.3949	
-32.6901	59.5641	11.632	
61.986	-94.6972	-58.5495	
45.2909	-43.2109	-94.7418	
-22.4783	31.9352	26.043	
-32.4865	81.0965	-32.2469	
-15.7095	81.1306	-99.423	
-5.92942	-12.7862	49.2901	
-16.3976	46.1896	-26.7888	
45.8714	-69.3376	-44.8104	
28.7455	-90.2782	65.5745	
6.95921	-30.7715	33.7061	
2.72981	-19.4129	27.9066	
13.2415	-39.9114	26.8569	
-56.8994	95.3906	36.8163	
34.2104	-45.683	-45.4757	
48.4394	-55.885	-81.9877	
-9.07696	46.9355	-57.5631	
-36.9507	65.4951	16.8127	
-67.0377	88.3361	91.4786	
-23.747	49.2162	-3.44462	
-54.7691	69.5747	79.9269	
26.3398	-46.2682	-12.8225	
66.4413	-83.3264	-99.1125	
-22.9841	24.417	43.1025	
9.53085	-64.5551	90.9868	
-53.1732	68.8728	74.9471	
18.0258	-80.144	88.1847	
40.2667	-35.5928	-89.8812	
-7.48574	47.2934	-64.6438	
45.5281	-63.0682	-55.976	
25.897	-98.9138	94.2396	
27.3412	-52.7519	-3.86128	
-28.7346	73.4541	-31.9697	
14.3738	6.42492	-70.3451	
59.5278	-93.7196	-50.6718	
11.1937	7.36503	-59.5049	
36.3238	-84.111	22.9267	
22.7618	-44.9064	-1.23447	
-3.66539	43.1617	-71.6618	
-42.0011	52.215	63.5745	
30.5974	-36.4232	-49.5433	
-62.7205	84.4076	82.0666	
-24.7886	40.6182	17.9181	
17.3372	-37.4139	5.47915	
-12.2323	10.2362	28.457	
43.7208	-43.2782	-88.3268	
-51.0862	87.8604	28.6238	
-5.328	-15.328	51.9679	
45.4966	-75.9939	-29.9985	
56.5861	-71.811	-82.7226	
-56.6565	81.1838	64.2582	
-18.8436	69.4849	-63.5954	
-71.3251	92.728	99.8444	
-43.6245	63.727	47.0439	
65.9935	-96.2565	-71.4612	
7.18564	-24.9235	21.1045	
23.342	-73.4438	53.5196	
-5.00781	5.92712	8.177	
35.575	-66.8834	-8.53306	
-63.7902	82.3551	90.4504	
43.5417	-54.4186	-65.3295	
-13.525	67.1909	-80.2817	
32.0146	-63.6906	-0.677383	
66.2052	-97.2006	-70.4197	
-11.9528	64.0618	-80.3124	
-10.8306	-15.8915	75.1052	
-21.5766	74.3361	-62.366	
43.1009	-44.9056	-82.5925	
39.4774	-60.3626	-37.1844	
-24.4085	59.3713	-21.1088	
-17.5436	7.63261	54.9091	
18.1569	-1.48345	-69.6605	
-25.3619	96.4595	-91.4715	
-28.8119	76.601	-37.9543	
-2.34283	-38.7589	86.889	
-5.01474	35.8603	-51.6616	
38.8005	-46.9185	-61.365	
24.2199	-79.6786	62.4775	
25.6485	-89.8466	77.0993	
-37.8173	43.5903	64.0887	
27.7218	-48.3891	-14.1091	
-14.291	-3.78512	64.734	
-65.4269	93.2374	75.2328	
-38.1843	40.1415	72.4543	
-3.63463	18.5624	-22.5862	
13.0553	-48.5698	44.9183	
-17.5373	47.7737	-25.3983	
-10.8943	-12.0752	67.7277	
-9.40603	61.9414	-86.2588	
54.609	-77.1064	-64.2234	
3.85228	-8.52987	1.65062	
12.5592	-69.9121	89.5875	
30.6359	-91.1649	59.7861	
-44.5779	74.8224	28.6669	
4.28905	13.1884	-43.5331	
42.799	-97.3084	23.4208	
-9.5009	44.2823	-50.561	
-37.2856	56.5776	35.9873	
47.8023	-60.4501	-70.3089	
2.07806	-45.9421	83.5719	
8.02437	-45.9136	59.7297	
16.0704	-31.6418	-0.998018	
51.8677	-59.99	-87.4911	
-58.2966	98.6399	35.9068	
49.4411	-76.8494	-44.0655	
-12.6334	-23.5092	97.552	
57.7206	-75.7648	-79.3527	
-2.25712	-35.6275	80.2834	
-2.41572	1.97077	5.72135	
28.3221	-49.4751	-14.3381	
-57.3809	70.0603	89.403	
17.4475	7.19542	-84.1809	
-26.1339	97.9433	-91.3511	
46.9299	-69.5045	-48.7107	
19.3153	-25.5809	-26.0996	
44.1003	-54.5133	-67.3746	
28.0886	-41.0675	-30.2193	
23.8986	-66.2116	36.8289	
13.2475	-27.0446	1.09938	
-33.0404	36.5851	58.9915	
5.55887	15.7837	-53.803	
-8.66588	11.2595	12.1445	
-32.1776	67.4498	-6.18925	
65.2558	-83.6537	-93.7156	
-49.4528	65.4969	66.8173	
40.7736	-78.7113	-5.67176	
-8.08015	43.6343	-54.9481	
-4.59782	-38.947	96.2854	
-20.9778	37.5265	8.85829	
-54.5682	83.3902	51.4923	
-14.7499	-18.7003	96.4004	
52.0246	-92.2221	-23.6544	
-31.8869	83.2122	-38.8767	
-33.8497	89.9414	-44.4841	
-8.43783	30.8449	-27.9384	
-17.1542	-15.5178	99.6525	
47.3827	-73.5647	-42.4012	
30.7639	-92.6916	62.3276	
-49.1739	48.8922	98.9114	
34.3186	-44.8315	-47.6115	
19.5189	-6.99044	-64.0946	
44.3038	-73.4903	-30.2348	
-30.3391	61.1521	-0.947908	
-6.46814	51.199	-76.5255	
50.4552	-73.316	-55.189	
-72.4332	99.252	91.2289	
-53.9642	64.6865	86.4838	
-34.0161	32.267	71.5305	
-6.28714	-25.9319	77.0124	
-20.3539	90.4823	-99.5492	
-53.1182	70.936	70.6008	
-44.6084	67.0878	44.258	
40.6828	-38.838	-85.0554	
63.4825	-86.1058	-81.7182	
9.87871	-15.0289	-9.457	
-30.5398	24.7208	72.7176	
-38.7899	89.303	-23.4465	
-21.7218	63.0923	-39.2974	
-45.3452	47.4913	86.3984	
-49.9308	88.888	21.9473	
58.0431	-76.908	-78.3562	
-51.3276	77.8456	49.6191	
19.8928	2.87091	-85.3132	
3.1352	-56.0687	99.5966	
-15.2961	51.5865	-41.9884	
8.3744	14.1539	-61.8054	
-16.3233	-8.75554	82.8044	
-58.6638	80.6943	73.2666	
-23.8938	87.8529	-80.1307	
0.938592	9.88723	-23.5288	
50.3365	-75.2611	-50.8237	
34.9019	-90.2493	40.8908	
-13.2792	41.0984	-29.0801	
19.6769	-72.9674	67.2272	
-10.1661	28.432	-16.1994	
-33.5195	89.3993	-44.7209	
40.0989	-98.2807	36.1657	
-0.681178	-14.4417	31.6081	
-13.4549	22.6645	8.49078	
-2.47985	38.753	-67.5865	
30.0516	-89.3348	58.463	
4.75417	12.9776	-44.9718	
-19.1682	13.0124	50.6482	
-25.847	36.3898	30.6084	
8.11237	2.51819	-37.4859	
2.28678	-52.6542	96.1612	
37.7367	-79.0186	7.09065	
4.17521	34.6037	-85.9083	
-18.6166	-6.63757	87.7417	
35.3265	-52.077	-37.152	
-25.7524	90.8496	-78.6897	
44.6679	-49.3899	-79.8916	
-13.5555	9.21449	35.7928	
-30.7686	94.8966	-66.7189	
-3.69166	-18.4472	51.6609	
-38.8432	91.4025	-27.4322	
-12.7326	-22.3592	95.6489	
-4.28255	14.5933	-12.0565	
37.3299	-55.7189	-37.8818	
-24.0117	94.1361	-92.2254	
23.7054	-9.07483	-76.6719	
33.3975	-39.6504	-54.2895	
-15.4092	62.354	-63.0713	
-6.98769	8.90334	10.1441	
36.8109	-96.0773	44.911	
36.3745	-77.7497	10.0014	
-1.39517	-2.1096	9.79989	
-60.1599	82.4498	75.74	
0.200903	33.8896	-68.5829	
-56.7207	77.7035	71.4759	
42.5036	-87.4702	4.92596	
35.5495	-98.4428	54.6876	
47.8785	-61.6395	-68.2352	
27.9563	-88.4299	65.0347	
10.1171	-25.0558	9.64322	
66.9041	-95.674	-76.2681	
-56.1385	78.7981	66.9577	
38.2414	-73.1155	-6.7345	
17.725	-75.7954	80.6907	
4.40997	5.76955	-29.179	
-17.2192	21.7006	25.4754	
2.37772	18.3794	-46.2696	
-72.4107	99.5924	90.4579	
-23.6473	57.3677	-20.1465	
-26.7384	57.276	-7.59832	
44.0549	-52.0825	-72.0544	
22.0576	-82.764	77.2974	
-14.7885	18.2538	22.6463	
14.4207	-63.0427	68.4028	
-3.63728	28.23	-41.9108	
-7.49643	60.8637	-91.7417	
-18.7636	60.9003	-46.746	
-10.8619	46.1727	-48.8976	
35.1545	-98.9182	57.2183	
36.1779	-48.4037	-47.9043	
33.6178	-29.3762	-75.7186	
-4.54826	-0.741472	19.676	
16.5696	-54.8259	43.3735	
-60.678	87.8057	67.1006	
7.81143	-33.5472	35.8487	
-6.80248	-5.42464	38.0592	
3.51631	-20.8474	27.6295	
-58.5999	99.8866	34.6264	
-28.7665	98.4445	-81.823	
35.4887	-48.7314	-44.4918	
35.1332	-40.4357	-59.6612	
-58.721	69.0341	96.8158	
40.4809	-78.313	-5.29746	
31.0952	-25.4864	-73.4081	
-15.1318	37.8012	-15.0753	
35.4333	-39.3704	-62.9923	
-19.561	52.631	-27.018	
-56.6349	67.1074	92.325	
-18.9872	2.81109	70.3268	
31.7238	-62.0558	-2.78354	
-17.2769	45.0184	-20.9294	
6.63731	27.9198	-82.3889	
18.255	5.40185	-83.8238	
-17.28	-2.62347	74.3671	
-18.8937	16.523	42.5285	
6.85418	4.88787	-37.1925	
-3.85886	-3.8652	23.1658	
-4.34222	-23.2078	63.7845	
-3.8885	1.12024	13.3135	
-42.392	95.0433	-20.5187	
-8.83226	41.3082	-47.2875	
-30.8942	95.6239	-67.6708	
-33.9693	96.4063	-56.9356	
22.3696	-58.3299	27.1813	
-13.0465	19.444	13.2982	
-7.01174	-30.9442	89.9353	
9.44862	-61.1439	84.4933	
0.632466	36.3087	-75.1472	
23.5806	-55.9545	17.5864	
-8.38383	48.3373	-63.1392	
-36.5117	92.7702	-39.4934	
27.7092	-23.3898	-64.0572	
43.6364	-57.6549	-59.2357	
-59.6045	70.0773	98.2633	
2.69334	-9.46475	8.15614	
-14.7813	60.3711	-61.617	
-62.892	95.7201	60.1279	
-62.3338	86.9557	75.4239	
-20.2576	39.3454	2.33944	
-7.72852	-27.1439	85.202	
39.0789	-77.0471	-2.22132	
26.7092	-84.2231	61.6095	
-49.7906	89.4881	20.1862	
-22.7711	65.0974	-39.1106	
-4.90016	13.939	-8.2773	
-44.784	82.7235	13.6891	
21.7492	-71.1625	55.3283	
39.0092	-68.8079	-18.421	
-55.2787	83.6845	53.7457	
-23.7425	22.8788	49.2126	
-29.0328	79.9773	-43.8234	
26.7626	-49.9872	-7.07603	
33.9675	-99.5	63.1299	
-12.1153	22.2633	3.93451	
-13.1664	57.7954	-62.9253	
-40.6846	89.3317	-15.9249	
41.0542	-75.7297	-12.7576	
-7.69043	8.15911	14.4435	
-10.9369	11.1784	21.3908	
10.1355	-54.2947	68.0473	
17.8337	-21.8994	-27.5359	
33.4995	-91.6482	49.2986	
-12.4101	22.6928	4.25462	
56.3166	-80.8414	-63.5834	
-6.5461	36.9324	-47.6805	
-13.5368	16.1681	21.8109	
-47.5503	95.761	-1.32107	
3.00238	-29.1607	46.3118	
-8.12425	61.7232	-90.9494	
32.4275	-34.6411	-60.4279	
24.9106	-15.5683	-68.5059	
-32.9227	78.7315	-25.7724	
44.3663	-67.1714	-43.1223	
60.0067	-93.789	-52.4489	
51.008	-53.7301	-96.5719	
-36.138	47.7569	49.0383	
-2.68106	24.4332	-38.1422	
3.71919	19.5904	-54.0575	
1.95273	-46.7209	85.6308	
-41.5788	96.2873	-26.2594	
-14.3199	9.69474	37.8901	
8.72467	-29.6161	24.3335	
-66.6643	89.7531	87.1511	
0.727476	-35.5802	68.2504	
18.9429	-74.5614	73.3515	
17.941	-29.4477	-12.8686	
-15.67	-15.1173	92.9148	
-17.0317	77.6621	-87.1976	
14.9341	19.2932	-98.3228	
-17.9106	-4.11517	79.8727	
3.42888	8.58669	-30.8889	
-31.7932	73.6796	-20.1865	
-1.92162	-26.181	60.0484	
47.7887	-60.0878	-70.9791	
0.704322	-21.4878	40.1583	
18.8122	-50.2057	25.1626	
22.167	-47.5864	6.50489	
-3.37938	32.721	-51.9244	
25.4738	-92.4102	82.9252	
24.6807	-94.3163	89.9096	
-15.4807	45.1523	-28.3817	
23.3506	-19.607	-54.1884	
-18.2131	64.2103	-55.5683	
-14.2296	56.0311	-55.144	
-52.7528	58.0528	94.9057	
45.7196	-89.41	-4.05859	
10.7143	-53.9573	65.0574	
29.8418	-25.976	-67.4153	
21.6446	-81.8737	77.169	
-12.903	-1.52116	54.6544	
-33.037	80.3485	-28.5488	
23.675	-82.8865	71.0729	
-4.52509	29.5115	-40.9226	
40.4585	-95.9447	30.0553	
6.81826	35.7605	-98.7941	
1.44014	-19.1223	32.4841	
20.3089	-62.9652	44.6947	
2.93311	-30.0195	48.3066	
-2.0614	29.0046	-49.7636	
-29.6801	67.8286	-16.9365	
37.1143	-37.6677	-73.1216	
-47.0689	97.856	-7.43646	
11.7386	-64.0623	81.1702	
19.1912	-78.3695	79.9744	
2.84541	14.8606	-41.1029	
-41.4398	46.9071	71.9451	
30.0777	-36.3229	-47.6648	
41.9758	-47.2662	-73.3708	
-40.1614	60.127	40.3917	
3.942	7.37829	-30.5246	
22.9618	-29.742	-32.3632	
36.1593	-77.9119	11.1867	
-0.266413	-17.4574	35.9804	
-34.0719	75.0109	-13.7343	
-41.7569	87.3236	-7.61975	
5.32964	21.7903	-64.8992	
-22.0304	88.2997	-88.4776	
15.3597	2.62775	-66.6943	
27.8401	-94.9815	78.6026	
29.1965	-97.0151	77.2442	
-36.225	64.7487	15.4026	
22.7585	-84.4683	77.9025	
-50.2139	82.5505	35.7544	
-9.35313	-6.09344	49.5994	
51.9765	-93.5628	-20.7805	
-40.5831	47.2494	67.8334	
-33.7218	23.1549	88.5775	
29.1084	-82.312	48.1904	
39.347	-57.7248	-41.9384	
-2.77785	32.5455	-53.9797	
-28.5112	58.8459	-3.64689	
38.8254	-41.6548	-71.9921	
7.20485	-57.0449	85.2704	
31.8614	-34.7215	-58.0026	
-9.82228	53.0856	-66.882	
-25.8116	86.7298	-70.2131	
2.48825	10.6848	-31.3226	
-2.31381	-12.1776	33.6105	
-13.4082	6.66812	40.2968	
63.0081	-80.1003	-91.8317	
28.8944	-98.8632	82.1487	
-31.7231	18.1485	90.5954	
-57.7739	81.7482	67.5991	
-19.2947	-0.832082	78.8428	
21.1734	-77.7853	70.877	
13.4761	-21.8156	-10.2733	
31.4305	-51.5117	-22.6986	
23.9198	-16.9821	-61.715	
-19.7483	6.01591	66.9614	
-14.1609	41.0658	-25.4878	
32.2838	-39.5872	-49.961	
29.1362	-33.8961	-48.7525	
-12.7294	-1.63235	54.1822	
7.78387	29.1812	-89.4979	
-14.0388	-20.4556	97.0663	
53.1055	-89.3992	-33.6237	
-23.705	58.6153	-22.4107	
17.7278	4.10176	-79.1149	
33.1952	-47.1423	-38.4962	
6.35167	-7.57515	-10.2564	
-14.177	39.532	-22.3559	
13.5388	19.5024	-93.1599	
-41.237	82.1783	0.591517	
-43.382	95.12	-16.7119	
1.61585	4.65558	-15.7746	
-35.0528	77.6191	-15.0269	
29.2604	-60.4842	3.92659	
11.9584	-3.30537	-41.223	
-11.5878	60.8767	-75.4023	
9.22266	-24.2587	11.6267	
-40.4542	38.574	84.6689	
33.7322	-93.4246	51.9205	
8.04502	6.40428	-44.9886	
-7.30246	51.6424	-74.075	
-48.2832	50.347	92.4386	
-19.813	-8.07472	95.4016	
0.212882	-1.94994	3.04836	
-22.3245	65.9446	-42.5912	
36.7118	-27.4003	-92.0467	
0.800208	18.7828	-40.7665	
9.38033	29.6562	-96.8337	
-1.3641	27.3977	-49.339	
34.9002	-96.9592	54.3177	
-50.3259	65.0266	71.2504	
-38.5009	91.1321	-28.2603	
53.5584	-73.1842	-67.8651	
17.0764	-48.713	29.1203	
-35.3559	49.6018	42.2198	
62.1905	-89.3083	-70.1453	
-8.93394	34.012	-32.2882	
32.9358	-69.0386	6.33407	
30.5688	-22.8987	-76.4778	
-36.0729	32.084	80.1239	
19.0634	-35.9556	-4.34227	
55.017	-81.2148	-57.6384	
-15.5421	60.9061	-59.6438	
9.76008	-20.8937	2.74706	
-20.0024	-8.14788	96.3053	
24.5906	-34.5795	-29.2036	
13.4301	-68.5589	83.3973	
-26.6647	31.1782	44.3024	
-12.4703	54.4137	-58.9461	
3.29368	22.3515	-57.8778	
-11.225	41.5882	-38.2763	
26.3096	-78.5404	51.8422	
3.93674	28.4227	-72.5924	
6.8295	-22.2643	17.2105	
52.2896	-74.4489	-60.2604	
-25.3491	45.466	10.4645	
-35.2142	84.2958	-27.7347	
26.5063	-12.4297	-81.1657	
-12.3574	5.53333	38.363	
57.7916	-92.6692	-45.8277	
-9.29141	-0.0946676	37.355	
-63.619	77.3968	99.6823	
29.7525	-37.167	-44.6761	
-14.8861	49.2052	-38.8661	
17.7834	-11.0925	-48.9485	
28.5181	-49.5338	-15.0049	
-23.2699	30.4115	32.2566	
23.3693	-66.9067	40.3361	
52.2834	-69.8919	-69.3498	
-6.5864	-34.4595	95.2646	
34.278	-31.2227	-74.6666	
-18.6403	10.0726	54.4161	
-5.78655	-14.5829	52.3119	
14.8064	-24.5986	-10.0286	
-56.086	98.6432	27.0574	
-29.6793	23.9071	70.9028	
30.7145	-26.0074	-70.8432	
-34.1433	48.8546	38.8639	
-33.4026	42.7386	48.133	
-20.5205	54.7631	-27.444	
-56.3818	71.424	82.6791	
19.5649	-5.86789	-66.5239	
67.1677	-87.0359	-94.5988	
-10.3226	62.2853	-83.2803	
8.42141	-14.5909	-4.50385	
42.3353	-83.0009	-3.33958	
-60.5822	95.0598	52.2094	
-25.1507	50.0049	0.593198	
-45.4372	69.355	43.0389	
-37.7718	43.509	64.069	
22.9487	-9.95928	-71.8763	
-34.197	99.0163	-61.2444	
3.40591	-21.7711	29.9185	
30.2428	-41.677	-37.6173	
24.5934	-71.4077	44.4416	
42.1095	-63.9785	-40.4812	
14.9187	-32.3135	4.95199	
55.1641	-92.0633	-36.5298	
43.4312	-67.8229	-38.079	
64.9355	-92.8188	-74.1044	
-5.70826	36.4482	-50.0634	
-5.93167	-13.5159	50.7586	
41.1666	-44.1231	-76.4202	
35.8474	-23.8193	-95.7511	
-1.37451	10.6291	-15.7602	
64.5038	-99.0257	-59.9637	
6.48587	-26.698	27.4525	
-51.9155	79.5324	48.5971	
-15.4356	66.8076	-71.8727	
-8.11481	57.0627	-81.6661	
6.84992	-15.3783	3.3569	
-67.7568	87.9284	95.1706	
9.03952	13.1178	-62.3937	
-15.19	65.2724	-69.7848	
-8.52802	11.8686	10.3749	
4.39715	-35.8395	54.0905	
8.65613	20.541	-75.7066	
18.821	7.45036	-90.1848	
-12.674	16.343	18.0101	
9.30325	19.1974	-75.6077	
9.36407	0.158161	-37.7726	
0.15671	-30.0239	59.421	
-19.6652	3.56471	71.5314	
33.8352	-34.8976	-65.5458	
1.89907	-27.4775	47.3586	
48.4803	-50.8418	-92.2375	
18.8628	-42.2124	8.97354	
49.7673	-55.6058	-87.8576	
31.9531	-48.8217	-30.1692	
-0.249434	0.712296	-0.426855	
14.0182	-12.9315	-30.2099	
12.9168	17.358	-86.3832	
6.22179	0.814358	-26.5159	
42.8488	-93.9915	16.5878	
-62.9553	78.591	94.6392	
15.5499	15.7973	-93.7943	
4.77265	23.8122	-66.7151	
-32.658	36.2538	58.1243	
-7.97213	16.7853	-1.68209	
29.421	-24.2677	-69.1488	
-29.4406	61.4779	-5.19364	
-54.4375	68.266	81.2181	
-18.6257	46.796	-19.0894	
31.6217	-43.1866	-40.1136	
11.2346	-49.9725	55.0066	
-12.9777	27.4489	-2.98694	
2.4402	-24.1389	38.517	
-7.43989	32.3828	-35.0061	
-39.1514	36.8578	82.8899	
9.06215	-27.389	18.5294	
-36.0631	41.9991	60.2543	
11.6133	-46.4312	46.4089	
11.9003	14.6017	-76.8045	
-68.4296	91.222	91.2742	
28.0244	-71.3817	30.6658	
-11.3237	-25.3578	96.0105	
-34.5414	60.6753	16.8151	
66.0644	-86.9129	-90.4318	
68.6355	-91.4818	-91.5783	
-19.9514	40.6885	-1.57168	
7.55942	-2.42032	-25.397	
4.66805	32.9135	-84.4993	
59.3185	-93.0051	-51.2639	
23.5378	-37.9851	-18.1811	
-52.4671	55.3298	99.2086	
-13.2088	70.6455	-88.456	
-26.3933	87.6894	-69.8056	
29.8952	-23.5579	-72.465	
52.1435	-78.3088	-51.9563	
24.9729	-54.9528	10.0138	
7.54618	-15.8515	1.5183	
39.2033	-34.8652	-87.0827	
-47.7863	85.4304	20.2842	
-53.427	98.1925	17.3232	
19.1562	-20.3937	-35.8376	
-3.44929	-6.14384	26.0848	
-13.9177	4.51422	46.6423	
-2.22075	40.7409	-72.5987	
9.74935	-46.7325	54.4676	
-67.1963	97.7366	73.3119	
-21.4043	50.5627	-15.5081	
-49.6452	65.9545	66.6717	
17.9826	-35.5059	-0.918678	
30.3886	-44.9199	-31.7146	
-23.9664	79.5248	-63.1841	
-4.74789	52.3987	-85.8059	
31.9594	-75.448	23.0584	
-54.9098	66.711	86.2174	
23.4987	-37.6295	-18.7357	
20.784	-85.0149	86.8939	
-52.1902	85.716	37.3288	
50.847	-98.6317	-6.1244	
-9.80286	62.6125	-86.0136	
61.023	-79.1845	-85.723	
7.71714	-48.3682	65.8679	
67.8661	-92.5183	-86.4277	
-4.54989	-29.3487	76.8969	
40.3598	-66.3304	-28.7783	
-30.1107	11.45	97.5427	
-56.6518	66.4814	93.6444	
-5.8141	-30.8168	84.8899	
9.97304	-35.9911	32.09	
9.27235	14.3712	-65.8318	
7.85633	31.0844	-93.5941	
-3.39864	17.0481	-20.5016	
-28.0712	61.668	-11.0512	
47.6791	-57.6441	-75.4281	
-6.22565	34.7631	-44.6235	
-39.2225	75.8847	5.12046	
-37.4264	75.3924	-1.07923	
5.79255	17.3083	-57.7868	
-2.74064	54.0933	-97.224	
27.4441	-93.6839	77.5912	
-10.8338	13.2496	16.836	
-39.2639	44.938	67.1798	
41.6196	-88.0669	9.65563	
-9.61937	54.3111	-70.1447	
3.71287	-38.7241	62.5967	
44.4052	-73.2928	-31.035	
-10.6539	-21.6298	85.8754	
13.9878	-55.7424	55.5336	
-50.4725	57.7135	86.463	
-32.9587	87.9532	-44.0716	
6.54718	16.5256	-59.2398	
-22.4297	77.2154	-64.7122	
24.6628	-81.2266	63.802	
26.7329	-51.0546	-4.82232	
41.2913	-48.0686	-69.0278	
-26.9572	52.121	3.58668	
3.18413	9.68227	-32.1011	
-13.6032	53.0125	-51.612	
-54.7806	82.1277	54.867	
-34.1697	63.6763	9.32641	
-19.4527	33.1456	11.5196	
-25.9658	85.4154	-66.9675	
-65.8832	87.4595	88.6135	
-59.8379	90.6133	58.1252	
8.41418	28.3048	-90.2663	
-19.8731	32.3571	14.7782	
27.5081	-66.9648	23.8973	
-40.139	99.6123	-38.6685	
9.8842	-9.78032	-19.9761	
22.9925	-81.875	71.7798	
0.0763285	-22.4513	44.5973	
-11.9634	3.47314	40.9074	
-40.0561	55.0653	50.0938	
35.6109	-28.0051	-86.4334	
29.4412	-70.4828	23.2007	
-33.6681	91.1735	-47.6749	
54.2077	-69.9026	-77.0257	
-36.488	42.9506	60.0509	
-45.3309	57.8596	65.6045	
21.1427	1.78639	-88.1436	
-49.6489	90.4033	17.789	
18.0564	-26.7016	-18.8225	
-54.4381	86.1096	45.5334	
-29.1592	42.6785	31.28	
-2.96226	47.7314	-83.6138	
41.0516	-92.3316	20.4568	
-10.0226	50.6516	-61.2127	
-5.1209	-31.2059	82.8954	
-29.5547	99.3176	-80.4163	
-60.0212	91.0798	57.9254	
-60.0564	92.8196	54.5862	
-45.5505	88.9229	4.35624	
20.9287	-49.021	14.3272	
-22.7106	87.7979	-84.7532	
13.0758	18.2819	-88.867	
-18.1906	84.6991	-96.6357	
10.5623	-2.96806	-36.313	
-52.2324	76.2369	56.456	
-19.3633	66.1878	-54.9223	
-0.931489	-28.489	60.704	
21.9892	-17.3446	-53.2676	
-43.4014	96.0686	-18.5319	
-34.5578	38.7032	60.8247	
27.7046	-69.7552	28.6919	
27.5329	-34.5693	-40.9931	
-16.9447	44.1619	-20.545	
21.3064	-68.1141	51.0025	
8.60693	13.8449	-62.1175	
-15.3573	28.5997	4.22988	
-28.4999	73.9929	-33.986	
46.4225	-54.9768	-75.7362	
-20.4001	80.4161	-79.232	
-13.2599	-12.1117	77.2628	
47.5973	-76.2038	-37.9818	
40.295	-71.2853	-18.6093	
28.7102	-11.4056	-92.0296	
59.1631	-97.0672	-42.518	
9.12083	-36.3944	36.3056	
4.59004	-3.39627	-11.5676	
-13.4138	51.2105	-48.7659	
-21.2203	45.2688	-5.65627	
9.7726	-45.015	50.9395	
-5.60925	-2.1988	26.8346	
-24.6822	20.5358	57.6571	
-28.6955	81.5431	-48.3041	
20.5524	-68.4369	54.6644	
23.6079	-36.3197	-21.7922	
14.185	9.92919	-76.5985	
11.5393	-50.7946	55.432	
-17.964	58.0955	-44.335	
-3.11508	13.082	-13.7038	
39.1454	-84.3929	12.2042	
-16.4275	61.7386	-57.7673	
-14.2811	13.0437	31.0369	
12.932	-2.44267	-46.8428	
-8.70949	-11.0699	56.9777	
-8.16661	-22.9807	78.6279	
2.09864	-12.5774	16.7601	
-6.96836	20.4063	-12.9392	
16.5989	-81.8873	97.3789	
-50.9783	86.3426	31.2281	
23.247	-85.7341	78.4801	
10.3738	0.641325	-42.778	
-10.5644	34.9102	-27.5628	
47.2618	-48.6477	-91.7518	
13.8282	4.06658	-63.446	
-62.7309	91.2592	68.4052	
-1.6313	-6.9936	20.5124	
9.18188	-42.4436	48.1596	
-14.617	66.9884	-75.509	
11.1375	12.3936	-69.3371	
-25.0181	55.08	-10.0876	
-17.6325	65.1929	-59.8559	
-17.21	-2.37647	73.593	
-22.3029	53.5964	-17.9814	
-56.5401	81.0729	64.0145	
2.49501	18.1112	-46.2024	
-24.2148	2.85328	91.1528	
-12.223	26.6242	-4.35632	
38.8475	-57.9526	-39.4847	
-34.8417	55.6169	28.1332	
-22.7123	21.6138	47.6218	
63.9971	-81.663	-92.6625	
-2.70784	54.9582	-99.0851	
-7.7603	39.3335	-47.6258	
10.2252	3.27574	-47.4522	
-16.0299	48.258	-32.3965	
-2.195	-29.4797	67.7393	
22.6017	-7.62513	-75.1565	
35.2793	-76.1836	11.2503	
-17.7897	83.5505	-95.9423	
-26.0404	67.2405	-30.3193	
2.6966	31.7719	-74.3303	
34.1391	-88.7595	40.9625	
-17.6202	5.52305	59.4347	
-61.8061	97.7421	51.7404	
28.6401	-93.5036	72.4467	
-12.1728	72.4169	-96.1425	
-27.3633	43.6732	22.1069	
3.86516	-22.6177	29.7747	
-30.4248	30.0196	61.6599	
-28.2479	57.2645	-1.53744	
-14.7502	-3.44531	65.8916	
29.3054	-52.7427	-11.7364	
-2.36371	8.95181	-8.44878	
-27.2489	67.0576	-25.1196	
-34.6149	43.2354	51.9888	
28.5562	-86.1802	58.1358	
-1.14402	-30.4988	65.5737	
-27.0869	33.0388	42.2702	
-12.9687	-0.459949	52.7946	
-46.2378	50.1191	84.7131	
5.52899	-18.1445	14.173	
7.01014	6.94664	-41.9338	
11.0812	-70.9805	97.636	
7.51191	-25.8452	21.6429	
-22.951	70.2329	-48.6616	
30.1515	-53.8527	-12.9007	
38.8308	-45.4446	-64.4341	
53.4227	-64.4435	-84.8039	
-19.9654	14.4903	50.8811	
-61.7594	81.9292	83.1791	
-32.9113	20.7087	90.2278	
-8.11989	35.634	-38.7884	
5.66888	-12.8876	3.09969	
3.77561	-12.8281	10.5539	
12.7039	-23.4254	-3.96495	
14.1125	-60.4772	64.5045	
25.0824	-65.2353	30.1411	
-9.6905	54.7241	-70.6862	
-28.4011	83.5217	-53.4393	
-4.32971	19.5702	-21.8216	
18.8555	-67.5469	59.6718	
-40.1603	33.3176	94.0062	
29.5291	-31.4518	-55.2127	
-8.1891	59.8193	-86.8822	
-23.2409	57.7772	-22.5909	
-17.5483	59.3269	-48.4606	
46.7385	-48.3473	-90.2594	
20.9281	4.50867	-92.7297	
36.3721	-25.4183	-94.6517	
-8.70718	-2.48698	39.8027	
3.10292	-24.464	36.5164	
7.13234	8.92656	-46.3825	
17.0783	6.7946	-81.9023	
-3.76583	-8.54606	32.1554	
8.35608	-4.09277	-25.2388	
-5.78702	12.4544	-1.76075	
16.7133	8.61994	-84.093	
44.4853	-52.8863	-72.1685	
-36.6689	57.4284	31.8188	
38.5583	-81.573	8.91284	
25.9827	-2.49875	-98.9332	
-15.9405	57.6036	-51.4454	
-3.36901	-22.7936	59.0632	
28.3911	-51.302	-10.9603	
-23.072	14.2802	63.7276	
9.25315	28.3407	-93.6941	
-34.3572	34.579	68.2708	
4.18068	32.4725	-81.6678	
31.2799	-89.6751	54.2305	
-46.7421	64.3079	58.3523	
41.2791	-92.8803	20.6444	
30.0416	-59.8159	-0.534572	
-38.192	27.6279	97.5124	
63.5553	-83.593	-87.0352	
49.2999	-97.2226	-2.75427	
-22.0228	15.6815	56.7283	
22.922	-17.5963	-56.4954	
25.4751	-47.3	-7.30025	
39.1487	-62.8759	-30.8431	
-4.8561	1.60831	16.2078	
1.86406	-22.3896	37.3229	
16.2974	-19.2706	-26.6483	
46.7575	-81.894	-23.242	
26.6944	-56.8269	6.87635	
20.385	-60.5337	39.5273	
-28.5162	49.9241	14.2165	
59.2476	-99.922	-37.1462	
29.7011	-53.5905	-11.6234	
-5.13221	28.2642	-35.9995	
25.4759	-27.7107	-46.4821	
2.46523	-24.9611	40.0613	
-58.1444	88.6945	55.1887	
22.2876	-21.2898	-46.5708	
65.864	-89.2174	-85.0212	
47.1333	-93.1948	-2.14368	
-33.2788	21.4287	90.2579	
51.1865	-82.21	-40.3259	
12.3144	-45.8578	42.4579	
-53.5825	85.0751	44.1799	
33.9092	-94.1453	52.6535	
31.9014	-95.6514	63.6971	
2.58572	-35.1367	59.9304	
-33.0042	64.4906	3.03545	
35.2947	-68.6463	-3.88634	
-10.671	25.749	-8.81384	
-32.9323	19.4878	92.7535	
57.9428	-74.8245	-82.1224	
7.8778	-17.844	4.17672	
6.8816	-18.1609	8.79536	
34.2404	-73.6139	10.2662	
-50.6908	52.6096	97.5441	
-14.3257	-9.21298	75.7286	
39.7311	-39.3133	-80.2977	
-23.0837	76.8879	-61.4408	
-34.0749	43.8678	48.5639	
37.2716	-77.6835	6.28069	
40.2836	-47.1775	-66.7793	
2.63207	38.3818	-87.2919	
-72.5119	95.113	99.8217	
-1.37597	-14.8282	35.1604	
48.4032	-84.4135	-24.7855	
60.8682	-95.791	-51.8908	
12.173	-64.8533	81.0146	
6.346	-39.3139	53.2437	
60.287	-98.3146	-44.5186	
43.2945	-52.3381	-68.5017	
-9.20669	36.2246	-35.6224	
-21.4317	15.5666	54.5934	
4.74636	29.4326	-77.8506	
52.6105	-88.4806	-33.4809	
-21.7633	-5.62561	98.3043	
-35.0474	89.8933	-39.597	
34.9558	-88.1017	36.3802	
-32.8841	34.0388	63.4589	
27.5582	-64.0223	17.8117	
16.848	-79.1081	90.824	
-12.583	54.4853	-58.6383	
22.5759	0.177234	-90.6581	
-18.8231	41.9361	-8.57993	
-29.177	31.4601	53.7878	
22.2268	-61.2882	33.6694	
22.3367	-26.4731	-36.4007	
7.85154	-16.0239	0.641699	
-13.2321	-10.7912	74.5108	
-14.5232	34.7964	-11.5001	
66.4349	-89.8749	-85.9896	
-46.3786	56.2749	72.9645	
-18.257	73.7707	-74.5134	
-42.1285	35.833	96.848	
-6.49908	28.1364	-30.2766	
-13.7999	2.65449	49.8907	
20.2145	-68.5181	56.1783	
-23.0814	58.1658	-24.006	
-24.6584	79.1301	-59.6265	
2.46702	-38.0728	66.2775	
-4.69968	-34.3424	87.4835	
-16.8019	54.6152	-42.0228	
22.0431	-64.945	41.7179	
-45.8912	69.7443	44.0762	
-35.2123	46.761	47.3274	
44.6777	-70.9564	-36.7983	
25.7872	-80.303	57.4571	
-30.0763	97.4651	-74.625	
5.28324	-16.3038	11.4747	
-19.182	49.1626	-21.5971	
-1.73643	1.783	3.37973	
-25.9645	30.3161	43.2256	
-17.41	30.0557	9.52877	
49.9651	-91.3361	-17.1882	
-42.8483	58.4192	54.5547	
-44.2643	76.5723	23.9129	
-20.1632	73.849	-67.045	
51.0038	-94.5949	-14.8255	
-58.8947	94.84	45.8986	
11.4771	-46.1833	46.4583	
-1.71911	44.8351	-82.7937	
30.3485	-64.0415	6.68912	
-4.55202	13.7993	-9.39057	
-68.5233	96.2004	81.6924	
-7.95549	37.2985	-42.775	
50.1885	-67.3038	-66.1464	
-34.813	23.0148	93.2225	
18.1864	-44.3223	15.8993	
-5.50288	34.6279	-47.2443	
38.3782	-82.1617	10.8107	
-63.955	80.0449	95.7302	
-2.97614	-25.1886	62.2817	
-37.6809	55.5957	39.5321	
-23.8072	62.3443	-29.4598	
-0.206154	-30.6223	62.0692	
-24.8968	7.33475	84.9179	
-1.5144	33.0623	-60.0671	
-57.9266	70.4095	90.8872	
32.6599	-18.8348	-92.9699	
4.32584	-4.75764	-7.78807	
-64.8262	95.5269	68.2511	
13.4001	-52.6445	51.6885	
-9.4133	6.21021	25.2328	
32.105	-60.4438	-7.53246	
-64.2151	87.1798	82.5009	
-10.1555	23.9219	-7.22199	
-28.6872	61.1823	-7.61566	
-21.6688	48.6447	-10.6142	
-32.3922	42.1788	45.2112	
4.20334	-32.6295	48.4457	
50.0952	-77.2173	-45.9461	
-44.8328	55.8267	67.6777	
31.6369	-45.3336	-35.8806	
-42.8336	64.8718	41.5908	
23.5877	-91.0709	87.791	
17.0352	-80.9044	93.6679	
-70.246	95.5442	89.8955	
12.1378	9.16493	-66.8812	
57.7238	-74.8515	-81.1923	
10.6643	-20.7895	-1.07831	
46.8814	-61.425	-64.6758	
-39.0137	64.8286	26.3976	
4.49983	-27.9352	37.8712	
9.57849	-22.7791	7.24426	
-65.3236	82.0826	97.1293	
16.7362	-27.8467	-11.2513	
-50.1934	61.6205	77.5325	
-41.4812	90.0036	-14.0824	
27.4819	-22.6085	-64.7105	
47.9023	-50.0345	-91.5403	
-11.7382	44.8802	-42.8075	
34.4727	-39.0129	-59.865	
-30.9723	38.7721	46.3452	
68.6559	-97.9747	-78.6743	
66.0342	-99.4458	-65.2451	
36.4886	-86.9239	27.8935	
-60.1254	86.4971	67.5075	
-10.1637	0.726736	39.2015	
26.3235	-97.2467	89.1993	
45.2307	-54.9995	-70.924	
71.9023	-96.3785	-94.8522	
-23.2392	-0.0535059	93.064	
-34.1912	68.5335	-0.302205	
-19.9919	-6.75981	93.4873	
25.4187	-52.1037	2.53271	
-23.38	74.13	-54.7402	
-66.9364	89.5783	88.5891	
-26.5545	66.4978	-26.7778	
-24.2095	19.0157	58.8064	
0.182875	-29.752	58.7725	
-17.281	-15.0094	99.1429	
26.8094	-68.9151	30.5926	
2.57934	8.10103	-26.5194	
29.7106	-15.0546	-88.7332	
-2.47781	-3.33613	16.5835	
34.4744	-85.9194	33.941	
-8.07016	20.8243	-9.36787	
-10.1522	-17.7755	76.1597	
56.4462	-90.4303	-44.924	
40.516	-37.3984	-87.267	
32.9219	-24.9993	-81.6891	
25.6879	-65.3654	27.9792	
-20.2507	85.819	-90.6352	
53.1969	-85.0222	-42.743	
19.9792	-47.7808	15.6447	
25.6208	-21.5237	-59.4358	
-14.1552	50.6273	-44.6339	
18.7754	-44.7999	14.4982	
3.24364	28.2709	-69.5164	
-9.33447	22.851	-8.36418	
-4.9622	-31.1457	82.1403	
18.4993	-71.0959	68.1944	
-5.11201	-32.5104	85.4689	
6.08848	-10.1283	-4.09739	
-29.3664	89.5429	-61.6203	
55.608	-69.0652	-84.3016	
-25.5294	44.6458	12.8259	
-38.2845	90.508	-27.8781	
-40.8751	99.1583	-34.8163	
46.9262	-45.7434	-96.2179	
-39.7025	31.0548	96.7006	
-36.9106	34.9589	77.7244	
28.0507	-43.2437	-25.7154	
-21.7276	78.3562	-69.8021	
-25.3046	82.9283	-64.638	
28.4265	-66.2451	18.784	
8.4057	-27.6253	21.6278	
-1.42501	28.4371	-51.1742	
-21.5586	14.6334	56.9676	
-20.2352	40.0573	0.826161	
-33.4665	89.9516	-46.0372	
-15.8489	69.9613	-76.5269	
-40.6727	97.7243	-32.7578	
24.1025	-88.5397	80.6694	
-47.8616	69.8463	51.7539	
-13.2076	4.34939	44.1318	
-51.6693	59.7807	87.1159	
4.99178	-32.8163	45.6655	
-34.5434	29.1794	79.8146	
-9.91866	9.38533	20.904	
-12.6316	2.9787	44.5692	
51.7932	-69.2384	-68.6962	
-49.4372	49.4054	98.9381	
13.1596	3.53835	-59.7149	
-8.96375	-29.5439	94.9427	
-49.581	86.5629	25.1983	
-64.705	85.9594	86.9015	
-32.7187	78.5794	-26.2841	
32.6712	-49.3788	-31.9274	
-19.0762	-9.88045	96.0657	
40.7314	-80.4065	-2.11262	
53.44	-79.8359	-54.0881	
-23.1957	14.2273	64.3281	
17.8515	-34.1139	-3.17837	
31.5261	-74.8093	23.5141	
-16.2914	17.1436	30.8786	
45.2461	-67.4975	-45.9894	
-13.1404	41.516	-30.4703	
-4.571	-7.35769	32.9994	
28.5364	-53.2547	-7.63633	
10.1344	-59.8863	79.2349	
29.6456	-83.292	48.0016	
-55.6221	72.487	77.5144	
-31.2672	23.6288	77.8112	
45.8163	-88.6638	-5.93737	
29.8051	-56.5525	-6.11523	
-22.9953	71.2186	-50.4561	
-15.3321	64.9887	-68.649	
-22.6351	66.65	-42.7598	
-12.8699	11.8601	27.7594	
21.1909	-48.2178	11.6721	
-17.7526	33.7015	3.60713	
-60.675	78.0258	86.6485	
-9.00873	36.1723	-36.3096	
-39.9099	54.0145	51.6108	
19.873	-0.421702	-78.6485	
-39.5552	91.2223	-24.2238	
9.25778	18.4246	-73.8803	
41.5499	-91.3261	16.4527	
68.3913	-88.2318	-97.1018	
-17.6544	64.5779	-58.538	
41.5166	-97.2557	28.4451	
21.4683	-85.4646	85.0559	
39.6696	-93.4792	28.2799	
48.9126	-87.1696	-21.3115	
22.9398	-16.8214	-58.1162	
15.5307	-40.0823	18.0419	
-26.0434	18.7388	66.696	
49.9046	-81.4635	-36.6914	
26.3802	-62.2397	18.9587	
15.2915	-4.19598	-52.7742	
-38.4516	30.3165	93.1734	
15.1496	-37.3275	14.0564	
8.01308	-47.0337	62.015	
24.013	-54.0438	12.0355	
-41.7199	64.0038	38.8719	
-8.09389	-29.368	91.1116	
-2.63715	24.101	-37.6535	
61.0337	-82.0256	-80.0835	
40.3127	-97.4438	33.6369	
-18.6909	32.5372	9.68904	
5.43081	8.79721	-39.3177	
-4.46169	-34.0257	85.8981	
-49.584	64.5459	69.2444	
45.0891	-76.9124	-26.5314	
48.3477	-84.269	-24.8528	
-6.02245	45.452	-66.8142	
-37.5581	26.1241	97.9843	
36.8146	-49.6253	-48.0079	
-27.6116	11.6915	87.0635	
-21.7335	17.529	51.8759	
-14.9696	4.19392	51.4905	
-10.2812	32.2691	-23.4134	
-17.96	4.94462	61.9506	
44.3924	-74.6532	-28.2634	
-27.6667	59.0968	-7.52675	
-34.2169	86.9373	-37.007	
-48.0479	52.1062	87.979	
-47.0518	73.0127	42.1819	
-9.16083	-23.9359	84.5152	
4.3572	5.50989	-28.4486	
73.6256	-97.506	-99.4905	
13.9112	-15.854	-23.937	
-32.2007	64.779	-0.75519	
-16.1486	78.5937	-92.5932	
8.2687	-64.4658	95.8567	
-1.87006	-20.7903	49.0609	
11.9302	-66.4091	85.0972	
-18.9778	84.1379	-92.3647	
-38.2969	45.0067	63.1743	
7.40423	28.2489	-86.1146	
53.8617	-82.6012	-50.2445	
-12.1408	56.4162	-64.269	
2.4658	-49.3571	88.851	
6.22127	15.4496	-55.7844	
-16.3079	10.0973	45.037	
-42.3996	81.0139	7.57083	
7.1975	-49.2167	69.6434	
-43.8685	50.8078	73.8586	
-6.0023	55.7594	-87.5097	
13.9545	-6.99247	-41.8332	
32.5408	-80.0631	29.963	
19.0577	-62.172	48.113	
66.6091	-85.9436	-94.5493	
-46.754	61.0058	65.0043	
-64.5424	94.6394	68.8907	
50.8928	-69.4837	-64.6037	
20.6657	-4.26722	-74.1282	
11.7689	-2.35592	-42.3639	
-15.6241	71.5635	-80.6305	
-13.7564	67.6998	-80.3742	
-22.9133	76.8607	-62.0682	
-0.856439	18.4625	-33.4992	
-51.2313	74.9238	55.0777	
-27.0315	66.6365	-25.1469	
-32.3614	60.3446	8.7564	
3.0947	34.2074	-80.7936	
-0.808716	13.1321	-23.0294	
26.1529	-57.5265	10.4415	
-29.1594	86.8766	-57.1158	
-60.7573	91.6101	59.809	
-1.85869	-4.76407	16.9629	
-29.9004	53.1612	13.2794	
31.612	-90.8656	55.2834	
-39.5045	36.097	85.824	
-1.79802	-45.2525	97.6971	
38.4724	-51.1432	-51.6031	
-1.27135	39.6055	-74.1257	
-3.491	-8.52372	31.0114	
18.7102	-71.639	68.4374	
38.7925	-80.6579	6.14586	
38.8919	-93.8513	32.1349	
-56.4677	66.7266	92.4178	
-42.3788	78.1157	13.284	
9.39794	14.8389	-67.2695	
-27.7767	26.9136	57.2796	
-13.9976	-21.6407	99.2716	
41.2368	-72.913	-19.1214	
-24.5	13.8433	70.3135	
14.3102	-4.68741	-47.8658	
17.0855	12.3899	-93.1219	
-25.5065	83.6236	-65.2212	
27.1375	-60.3021	12.0541	
36.6245	-40.7435	-65.011	
3.66329	-57.2433	99.8334	
-3.35915	17.4791	-21.5216	
-21.6558	-2.56835	91.7598	
-54.7316	80.7865	57.3535	
29.9983	-31.9596	-56.074	
-49.4675	61.4266	75.0166	
-39.3355	68.9055	19.5311	
47.1496	-61.1203	-66.358	
-2.79263	48.862	-86.5534	
57.735	-87.0422	-56.8554	
-47.5867	65.9766	58.3936	
0.0852505	29.7682	-59.8775	
-12.1626	5.36091	37.9288	
-30.302	45.5477	30.1127	
-40.2011	88.8652	-16.926	
26.2738	-38.0211	-29.053	
-36.5785	93.9276	-41.5411	
16.4616	-44.6748	23.5031	
20.3274	-45.7869	10.2641	
-17.4891	16.7977	36.361	
20.5012	-51.5915	21.1781	
26.4135	-4.33665	-96.9808	
1.27948	-46.547	87.9761	
-49.1343	74.2544	48.0286	
24.1611	-89.7395	82.8345	
-32.5261	58.6923	12.7197	
3.49988	31.1165	-76.2324	
22.4422	-94.8699	99.9711	
-25.2932	91.2984	-81.4241	
-18.5856	-10.3022	94.947	
0.549989	8.83128	-19.8625	
37.2217	-25.8954	-97.0959	
-23.9257	43.5182	8.66633	
17.4972	-11.7459	-46.4968	
-15.0036	59.6365	-59.2586	
21.5868	-53.8545	21.3619	
47.1807	-69.8494	-49.0238	
14.708	-51.8565	44.8811	
54.6248	-79.1481	-60.203	
14.4279	-62.6863	67.6609	
-8.36385	62.696	-91.9367	
39.8762	-72.5125	-14.4797	
6.93332	-58.2147	88.6961	
-4.197	31.721	-46.6541	
-58.5177	72.9336	88.2035	
-10.3391	-18.3378	78.0317	
-21.3694	41.2775	2.92277	
-52.3895	69.686	70.1862	
-18.1752	75.995	-79.2891	
-41.1804	57.2903	50.141	
20.6738	-55.3826	28.0699	
29.7977	-67.4972	15.8035	
-36.7	37.7125	71.3752	
28.7507	-26.7841	-61.4347	
4.56647	25.054	-68.374	
-9.88548	17.1292	5.28361	
13.7894	-60.0347	64.9117	
-23.9033	6.07585	83.4616	
45.8602	-80.1195	-23.2019	
42.0849	-36.2908	-95.7581	
-60.1488	88.5615	63.4721	
8.64645	-45.0021	55.4183	
-21.2434	8.34114	68.2911	
-53.0695	73.8538	64.5702	
42.9355	-85.3399	-1.06231	
25.4684	-56.9161	11.9586	
40.037	-92.7032	25.2584	
45.6189	-56.7631	-68.9492	
14.7629	18.9296	-96.9108	
6.93171	32.156	-92.0388	
-17.846	74.7154	-78.047	
-17.9631	83.7962	-95.7402	
34.1541	-20.0346	-96.5471	
41.5837	-57.9482	-50.4383	
-45.9905	61.7755	60.4111	
60.7929	-95.7195	-51.7327	
-42.4372	94.3245	-18.9003	
-2.88354	24.9925	-38.4508	
29.9548	-34.4577	-50.9038	
42.054	-93.2773	18.3387	
42.0169	-51.5636	-64.9405	
3.30825	39.3442	-91.9214	
-60.8142	98.7884	45.6799	
-12.9366	5.05245	41.6415	
51.8822	-89.0476	-29.4335	
4.42442	1.9928	-21.6833	
2.03549	26.9398	-62.0216	
5.08504	-6.89795	-6.54427	
8.12249	16.4304	-65.3508	
26.3476	-80.6965	56.0028	
-11.1045	55.133	-65.8479	
-57.6888	80.3878	69.9796	
-16.9839	76.2921	-84.6485	
54.6063	-84.3273	-49.7707	
5.32708	-32.1118	42.9153	
25.9237	-25.8979	-51.8989	
41.9072	-56.5326	-54.5636	
25.0935	-88.5274	76.6809	
-21.0967	41.4794	1.42818	
15.6664	-56.7172	50.7685	
37.5474	-27.1077	-95.9743	
16.8389	-51.5944	35.8332	
41.4379	-95.4143	25.0769	
-64.0439	80.1043	95.9668	
1.48053	5.20753	-16.3372	
-36.084	25.2319	93.8721	
26.6968	-20.2958	-66.1955	
-15.2282	49.2859	-37.6589	
-29.1681	9.94301	96.7865	
-47.1724	80.7782	27.1329	
38.8724	-40.1815	-75.1265	
14.827	-7.77317	-43.7615	
51.3092	-79.2083	-46.82	
-18.1445	47.088	-21.5979	
-32.6948	44.4145	41.9502	
19.7066	-16.2429	-46.3404	
-14.3982	15.9963	25.6001	
30.1833	-83.4298	46.1264	
-18.5656	43.8811	-13.4998	
17.0675	-6.33779	-55.5946	
-32.973	63.5819	4.72819	
60.4281	-81.5417	-78.6292	
-12.1862	32.8591	-16.9736	
21.0606	-65.3841	46.526	
-27.6794	51.4481	7.82146	
11.4383	-4.95873	-35.8357	
-40.6745	94.8382	-26.9784	
-32.3759	70.9261	-12.3487	
-12.7598	-0.490772	52.0207	
1.01477	7.87045	-19.8	
54.4753	-67.0107	-83.8799	
