50,50,1,5,75,0.2,150000,0.008
50,50,1,5,151,0.2,150000,0.008
50,50,1,5,403,0.2,150000,0.008
50,50,1,5,806,0.2,150000,0.008
50,50,1,5,1612,0.2,150000,0.012
50,50,1,5,3125,0.2,150000,0.004
50,50,1,5,6250,0.2,150000,0.008
50,50,1,5,12500,0.2,150000,0
50,50,1,5,25000,0.2,150000,0.004
50,50,1,5,50000,0.2,150000,0.004
50,50,1,5,100000,0.2,150000,0.016
50,50,1,5,200000,0.2,150000,0.052
50,50,1,5,300000,0.2,150000,0.016
50,50,1,5,600000,0.2,150000,0.044
50,50,1,5,1200000,0.2,150000,0.044
50,50,1,5,2400000,0.2,150000,0.08
50,50,1,5,4800000,0.2,150000,0.108
50,50,1,5,9600000,0.2,150000,0.112
